0600000	958581.1388235294
4800000	707029.5888235295
0031080	359012.65647058823
0031084	267023.2417647059
0019100	217695.36999999997
5300000	199591.7447058824
0026420	190342.74588235296
2700000	182739.6611764706
2900000	177312.6388235294
0400000	171785.3176470588
0800000	165316.88117647055
0019124	160498.5494117647
0041860	156866.8176470588
0042660	131426.3005882353
0033460	131010.8482352941
0038060	130021.43470588236
2200000	127021.49470588236
4100000	122325.37058823527
0042644	115356.67647058824
0011244	110853.32176470589
4000000	107752.31764705882
1900000	105029.54294117646
0019740	102152.12882352939
0041740	100470.4011764706
4900000	96312.22470588237
0040140	96261.4105882353
2000000	95714.91117647057
0041180	95472.11647058823
3200000	89733.76705882353
0041884	89025.71647058825
0041940	88956.35588235293
0036084	85364.03
0038900	85056.70176470588
0500000	83391.85176470589
0028140	78001.05764705883
0012420	74076.13470588234
0023104	73391.85470588236
0041700	72742.78294117647
0040900	72516.2294117647
3100000	71952.03764705884
0029820	69824.31294117647
3500000	62411.51882352942
0041620	56538.105882352946
1500000	54085.96411764707
1600000	53294.05529411765
0036420	50961.635882352944
0035380	47379.49294117647
0046520	44666.273529411774
0036540	44214.78
3800000	41094.92470588235
3000000	40883.38176470588
0046140	40443.80882352941
0200000	38516.54764705882
0012940	38343.85117647058
0010740	38132.49294117647
4600000	38080.70470588235
0019780	37463.468235294116
0046060	36185.18235294118
0023420	36174.75823529412
0037100	35500.03470588235
0030780	34597.77529411765
0045104	33705.971176470586
0012540	33663.96647058823
3500004	33235.79176470588
0017820	32730.146470588243
0048620	32203.81117647059
5600000	32196.591176470592
0014260	32085.5
0014500	31174.330588235294
0021340	30353.511764705887
0011260	30156.753529411766
0042220	29392.98705882353
0036260	29172.116470588233
0044700	29104.876470588235
0044060	29087.798235294114
0042200	28658.25352941177
0022220	28656.494705882356
4800002	28598.750588235296
0042034	28216.59294117647
0039340	27974.57705882353
0039900	27741.03
1900004	26943.13882352941
0032580	26637.73705882353
0041500	25988.76529411765
0019340	25848.766470588238
0046700	25836.163529411766
0018580	25700.88529411765
0033700	25621.79411764706
0013140	25484.956470588237
0022660	25437.60176470588
0030700	25359.78176470588
4800001	25334.497058823526
0029180	25317.71588235294
0041420	25273.78176470588
0044180	25201.362941176474
2700001	25029.874705882357
0016300	24719.480588235296
4800004	24600.64
0028420	24493.25588235294
0040340	24170.98705882353
2700004	23806.015882352942
0200002	23678.931764705885
0022020	23567.108235294116
0021660	23555.077647058824
0042020	23488.47294117647
0043340	23474.690588235295
0043620	23254.78470588235
0036500	23204.508235294117
0042100	23045.81823529412
0014740	22751.898823529413
0033260	22744.669411764706
0800003	22712.52705882353
0047300	22524.698235294116
0020260	22387.45294117647
4800006	22380.918823529413
4000004	22365.022352941178
0034900	22288.440588235295
3000003	22132.47235294118
3800001	22037.815294117645
0031180	22037.480000000003
0028660	21935.204705882352
1900002	21606.64
2900001	21529.652352941175
0021820	21495.52294117647
3500002	21394.476470588233
2000003	21324.152941176468
2900003	21285.26529411765
0013380	21234.123529411765
0045820	21160.880588235294
1500001	21117.587647058823
0024540	21112.948823529412
0011100	21072.97117647059
0026980	21042.921176470587
2700003	21034.50882352941
0600003	20997.595294117647
0041060	20869.744705882356
4000002	20842.644705882354
0013900	20627.51823529412
4600002	20626.321764705885
0200001	20610.999411764704
0047380	20564.7
5600002	20433.004705882355
0017780	20326.501764705885
0017860	20196.420588235294
3800002	20154.09882352941
0026380	20132.11117647059
0017020	19969.02176470588
0600005	19939.201764705886
0013740	19832.03882352941
2000004	19818.766470588234
0039820	19814.609411764704
0800002	19794.66470588235
0032780	19788.634705882352
0046340	19762.806470588235
0015180	19751.17882352941
0013460	19745.891176470588
4000001	19673.520588235293
0036220	19668.348823529413
0030980	19663.584705882353
0027980	19659.373529411765
0029340	19645.64588235294
0400001	19590.691764705884
0049420	19496.053529411765
3100002	19492.40882352941
5600003	19345.21705882353
0047940	19342.355882352942
0018700	19254.59823529412
5300004	19252.89823529412
0032900	19223.602941176472
1900001	19080.624705882354
4800003	18967.552941176473
3200002	18912.887647058822
0034580	18893.40411764706
0011180	18884.234117647058
5300002	18840.382352941175
0043580	18820.439411764703
0026820	18769.533529411765
0049700	18734.687647058825
0042140	18688.73764705882
3100003	18629.537647058823
2900002	18564.241764705883
0022900	18560.17882352941
0500001	18545.232941176473
0600001	18525.21823529412
0020940	18466.116470588233
0029740	18423.75411764706
0024300	18413.325294117647
5300001	18407.676470588234
0025260	18395.540000000005
0022380	18352.267647058823
0029700	18325.22411764706
0016940	18322.480588235296
0016220	18309.59823529412
1600003	18271.56705882353
0043420	18262.567647058826
0031020	18103.413529411766
0500004	18029.65588235294
1900003	17970.58588235294
0039380	17969.637647058822
0027620	17941.00117647059
4100004	17938.142941176473
3200001	17888.608823529412
0047460	17887.786470588235
0024220	17883.560588235294
0016180	17831.635294117645
0031460	17806.694705882353
4100003	17774.81
3000004	17763.764705882353
0048300	17717.670000000002
4100002	17631.581764705883
0031860	17572.115294117644
5600004	17527.65176470588
0022140	17470.875882352942
0039660	17386.139411764707
0010180	17332.121176470584
0039140	17309.931764705885
0029940	17307.412941176473
0033740	17254.015882352942
2200002	17222.847058823532
0027900	17221.218235294116
2000001	17216.38470588235
4900004	17136.70588235294
0500003	17128.90705882353
4000003	17124.90529411765
0020220	17089.874705882354
0010540	17079.07882352941
0033540	17002.62705882353
0800001	16981.829411764706
0048660	16929.261764705883
1600001	16810.297647058822
0049740	16802.178823529415
5600001	16800.678823529415
3800003	16796.03117647059
0017660	16753.860588235293
2200004	16753.617647058825
5300003	16735.66705882353
0030860	16662.083529411768
2700002	16595.90823529412
0041140	16578.57117647059
3000001	16570.237647058824
4800005	16563.194705882353
0045500	16464.88588235294
0010780	16436.46588235294
0600004	16436.26294117647
2000002	16349.315882352941
1600004	16287.39117647059
4100001	16196.78823529412
0043300	16162.150588235294
0041100	16156.97588235294
0047020	16151.022352941176
3500001	16136.253529411764
4600003	16102.06823529412
0600002	16095.589411764708
0031740	16000.037647058823
3800004	15933.96176470588
2200003	15863.624117647058
0038540	15853.783529411765
3100004	15792.405882352943
0041660	15736.549411764703
3000002	15733.988823529411
4900001	15658.683529411765
0030300	15631.844117647057
0024260	15621.923529411766
2900004	15607.425294117646
0029420	15598.259411764708
0030020	15581.527647058825
0500002	15555.804705882352
0024500	15539.121764705882
0027860	15535.670588235296
0016020	15438.408235294115
3100001	15405.911176470589
3500003	14977.930588235295
0024420	14739.11117647059
0025220	14727.449999999999
0038220	14652.55
4900002	14381.388235294116
1600002	14157.28705882353
0026300	13927.257647058825
4900003	13558.513529411764
2200001	12159.101764705883
