00	51616.9
01	39794.705882352944
02	55964.0
04	42935.555555555555
05	37556.36363636364
06	51721.89189189189
08	47892.72727272727
09	55077.5
10	49556.666666666664
11	73276.66666666667
12	41594.137931034486
13	40919.47368421053
15	47595.0
16	41157.0
17	46322.77777777778
18	41539.41176470588
19	43055.38461538462
20	40527.77777777778
21	39866.0
22	39017.857142857145
23	43016.666666666664
24	50545.555555555555
25	52675.23809523809
26	44849.52380952381
27	45129.0
28	37952.5
29	40108.46153846154
30	41047.5
31	41082.5
32	45271.666666666664
33	49191.11111111111
34	52045.71428571428
35	47278.88888888889
36	49159.5
37	41514.5
38	46236.25
39	43031.25
40	40686.25
41	44445.38461538462
42	43895.0
44	49230.0
45	39510.769230769234
46	39458.0
47	39269.333333333336
48	42477.05882352941
49	41516.0
50	47400.0
51	43618.57142857143
53	49036.11111111111
54	39631.0
55	43150.58823529412
56	46404.28571428572
66	34790.0
72	26298.0
78	37640.0
