291151	180907.82805429865
291069	176791.70212765958
291066	174844.08163265305
291062	174669.5294117647
291065	174314.61538461538
231010	172988.3625730994
291029	172004.44444444444
231000	171954.6857142857
291021	168982.62910798122
291063	168446.31578947368
291064	166580.66666666666
291020	166289.25
251112	163067.8205128205
111011	162792.6235741445
291024	159605.0
291081	158427.64705882352
291060	158130.0
291067	157222.0
119041	153060.48364153627
172171	152791.8831168831
112020	150914.41860465117
111000	150678.83027522935
112021	150081.50720838795
112000	149746.14864864864
113111	148114.38127090302
291023	147795.83333333334
192012	146847.03703703705
192010	145681.42857142858
112022	145515.32206969376
113021	144863.55335533552
113031	141183.27425373133
119121	138875.92024539877
192011	138263.23529411765
291051	137464.51006711408
231011	136504.55764075066
112031	136010.3933747412
113000	134467.7709611452
111021	134457.92605951306
532021	134323.88888888888
231023	133728.42857142858
151111	133028.77192982455
291041	132638.4818481848
152011	132469.55414012738
113131	131796.28440366974
251063	131570.3076923077
113061	131367.5036075036
532011	128490.10752688172
113121	128224.31014823262
110000	127865.10582010582
112011	127290.09036144578
172011	127194.83695652174
132052	125775.49295774648
119000	125653.94849785407
172161	125356.96078431372
172061	124790.36764705883
251032	124775.43046357617
113051	123188.7648456057
192032	122699.56521739131
193011	122618.53932584269
251070	122563.40425531915
251030	121469.09090909091
119033	121175.23474178404
152021	120863.22033898305
193032	120812.94117647059
419031	120751.51219512195
291061	120670.0
291161	120048.16
119199	119459.06341463415
291071	119138.99461400359
172151	119082.05882352941
172121	118580.67567567568
251071	118158.78787878787
231021	118130.27972027972
119111	117574.14285714286
172041	117295.53191489361
291022	117002.85714285714
151133	116575.37964458804
291171	115858.73343151694
532010	115782.7027027027
193094	115688.57142857143
230000	115661.69530355098
251051	115590.30612244898
151143	115569.39716312056
251040	114997.03703703704
251043	114009.35483870968
172070	112986.5
192099	112722.70114942528
191040	112581.54929577465
251050	112546.0
172072	112455.83333333333
251054	112086.61971830986
291131	111843.95669291339
251041	111654.08450704225
119021	111591.52145643694
251053	111435.55555555556
113071	111389.53400503779
192021	111380.0
251061	111197.85714285714
172199	110874.39222042139
151132	109933.27950310559
532000	109797.45762711864
113011	109506.8779564806
193039	109407.42690058479
172071	108912.05970149254
172131	108687.78523489933
251011	108521.06529209622
192000	108202.8947368421
151122	108022.44210526315
172000	107989.62666666666
251065	107819.2957746479
192042	107355.92307692308
271011	106816.51877133106
251031	106393.88059701493
191021	106355.09554140127
193000	106003.87096774194
151130	104615.7907542579
151120	104543.44927536232
191042	104485.4054054054
532012	104224.41520467836
172111	104170.30690537085
251021	104007.72727272728
119030	103860.27777777778
251060	103681.81818181818
172081	103300.57142857143
251052	103221.88481675393
172031	103162.43243243243
119032	103105.11111111111
172110	102747.35785953177
192040	102594.74137931035
132061	102590.4214559387
193041	102577.46268656716
251064	102289.26470588235
251062	101771.46067415731
414011	101698.91334250344
518011	101400.75
191099	101265.32258064517
172112	100738.44720496895
172141	100488.13559322034
171010	100174.43298969071
251042	100085.62724014337
119061	99727.41935483871
172051	99706.93150684932
291124	99706.80628272251
231020	99636.22641509434
291123	99499.35988620199
151141	99483.0303030303
119039	99339.55357142857
152000	99177.20379146919
192030	99020.28776978418
151140	98925.03416856492
152041	98790.8163265306
119161	98548.48958333333
251020	98543.33333333333
131111	98323.16756756757
413031	98306.95810564663
151121	98137.82110091743
192043	98137.52212389381
291000	97957.63392857143
132050	97778.22784810126
251110	97470.76923076923
152099	97388.62745098039
251066	96839.6218487395
193030	96653.47368421052
251067	96030.17964071856
171011	95837.6253298153
152031	95831.08932461873
151199	95765.99744245525
132051	95651.80790960453
411012	95428.26455026455
291122	95343.42532467532
170000	94839.07780979827
251000	94444.94845360825
518012	94085.94405594406
291011	93722.16312056738
191000	93695.65789473684
251125	93279.33673469388
151131	93238.62373737374
151100	92872.16101694915
172021	92864.0350877193
331012	92832.09621993128
251069	92603.57142857143
192031	92549.20879120879
291181	92297.32673267326
193090	91980.7042253521
331010	91701.35135135135
171000	91638.62595419848
191020	91633.14606741573
535031	91628.02631578948
251126	91218.19672131147
536051	91034.15841584158
291199	90994.61240310078
251192	90953.40909090909
474021	90892.96875
191041	90807.37288135593
150000	90380.40286481647
251113	89752.3275862069
251022	89749.01408450704
151142	89539.82625482626
119071	89330.46153846153
273021	89165.0
291127	88747.26265822785
193099	88632.35537190082
191029	87878.17518248175
191022	87831.37254901961
132031	87789.21225382932
231022	87774.0579710145
419020	87655.63106796116
119013	87650.43859649122
333021	87633.25481798715
419021	87626.46288209606
292033	87116.00858369099
411010	87022.40875912408
132000	86898.10590631365
131081	86877.39554317549
193031	86824.89945155392
299092	86755.84269662922
291120	86678.86956521739
271010	86518.94444444444
131011	86449.78723404255
191011	86163.88059701493
535021	86092.3880597015
132072	85797.68895348837
532020	85645.9574468085
251072	85535.75079872205
518010	85498.35616438356
272010	85346.0162601626
395091	85095.90909090909
132041	85052.26666666666
518013	84963.26315789473
251124	84906.99453551913
251122	84759.95098039215
251082	84675.65217391304
251121	84673.0291970803
414010	84489.34036939315
194051	84315.71428571429
299011	84226.56
331021	84134.336492891
192041	84072.36
274099	83852.9648241206
132053	83822.78169014085
152090	83780.0
492095	83448.83177570094
535020	83218.375
132099	82935.21669341894
292091	82672.30769230769
171012	82627.94258373206
299010	82602.41721854305
251120	82511.08108108108
193051	82510.4
251081	82464.68164794007
191012	82423.33333333333
534012	82222.85714285714
193092	82213.33333333333
273042	82091.73210161662
290000	81864.60194174758
251080	81841.11111111111
131199	81744.59409594096
132011	81662.24471830986
190000	81492.7510460251
191010	81371.66666666667
251123	81262.08333333333
272021	80920.64102564103
273040	80611.06299212598
131075	80417.02517162471
499051	80380.67061143984
292032	80205.03184713375
251199	80107.40890688259
119131	79912.98755186722
119141	79879.17043740573
271021	79852.14285714286
193091	79628.76923076923
130000	79571.76675369887
119151	79563.2225433526
131000	79396.78068410463
251111	79350.44871794872
272012	79274.82926829268
333052	79254.70588235294
271022	79222.19512195123
299000	79127.88343558281
131041	79108.62539349422
191013	79033.16964285714
292021	78927.92284866469
491011	78788.41328413284
292035	78646.38095238095
173021	78562.68041237113
191031	78446.04316546762
151134	78350.14925373135
171021	78242.84974093264
251193	78198.92405063291
414012	78089.84220907297
471011	77907.43047830924
191030	77860.96774193548
291141	77653.07142857143
271014	77212.91666666667
171020	77167.30337078651
131051	77082.65957446808
413000	76778.81927710843
131031	76679.66850828729
131032	76584.6875
131070	76366.12765957447
518092	76333.4375
132070	76261.05263157895
259031	76016.51057401813
131161	75918.4154589372
131030	75845.04587155963
472072	75779.38461538461
191023	75627.23684210527
131020	75626.37777777777
131141	75612.69662921349
291129	75509.4674556213
273000	74878.18421052632
332021	74671.64705882352
131023	74518.31450094162
173012	74370.24390243902
273043	74298.87978142076
535000	74243.88235294117
131021	74206.72268907563
292030	74079.22077922078
511011	73954.84848484848
151152	73854.2354368932
171022	73797.40566037736
499097	73712.85714285714
332020	73604.47368421052
232000	73319.21875
193093	73296.20253164557
331000	73287.52688172043
472011	73198.85245901639
518093	72938.85572139303
173029	72936.79462571978
131151	72841.84236453201
232090	72618.78787878787
173023	72412.71875
193022	72280.8163265306
271029	72164.48863636363
131071	71998.19244604316
251190	71865.76923076923
272000	71538.51612903226
273031	71269.04267589388
331011	71182.7972027972
254012	71161.28342245989
194041	71093.42105263157
492091	71025.4054054054
194092	70755.26946107784
252059	70716.87224669603
274032	70684.24731182796
252023	70662.84615384616
191032	70652.39520958083
518000	70576.60944206009
252050	70562.12121212122
499050	70535.35714285714
254010	70429.49367088608
132081	70280.71917808219
271019	70202.13114754099
413021	70171.12654320987
413099	70082.82837967401
292031	69984.4857142857
299099	69956.58753709198
292011	69803.26495726495
173020	69596.96750902527
273041	69467.76061776062
232099	69402.32558139534
531031	69213.57512953368
119081	68702.24324324324
518021	68613.11720698254
131022	68486.88958009331
274014	68435.39325842696
499092	68417.20930232559
274030	68373.6170212766
254000	68276.27906976744
132080	68272.28571428571
534011	68147.03125
474011	68094.82394366198
173000	68058.91025641025
272041	67935.77981651376
211029	67862.63027295285
291031	67815.85585585586
152091	67497.30769230769
493011	67475.37128712871
232091	67430.6329113924
499069	67423.70044052863
131131	67416.875
252054	67339.10112359551
254011	67295.29850746269
312011	67294.3137254902
173024	67288.42639593908
419022	67261.40952380952
252032	67232.35849056604
173010	67156.66666666667
252053	66962.54079254079
211091	66952.82744282745
132021	66853.25112107623
492020	66811.35593220338
475012	66765.27272727272
252031	66683.2824427481
492022	66558.85542168675
475061	66557.82608695653
531000	66531.35467980296
254021	66514.22190201729
472150	66504.87804878049
518090	66425.9649122807
492093	66417.625
537071	66165.96774193548
299090	66160.0
492094	66099.89547038327
431011	66064.1310043668
292034	66063.96054628225
499012	66024.6568627451
119051	65984.11924119241
518091	65874.96774193548
333050	65828.91304347826
252022	65789.11908646004
475010	65777.02127659574
291126	65715.71962616823
472111	65709.24130663856
272032	65661.25
532022	65584.59677419355
534031	65539.49152542373
173013	65536.7120622568
173027	65455.10843373494
534099	65413.0
252030	65395.625
252051	65377.13636363636
419000	65346.467391304344
252052	65323.886010362694
211012	65297.37569060773
532031	65251.2676056338
251194	65225.64681724846
151150	65221.71111111111
271025	65215.0146627566
534041	65002.8
312021	64921.293706293705
252021	64890.01506024096
173026	64867.38336713996
271027	64799.61538461538
534021	64771.186440677964
271000	64673.9417989418
333051	64615.02949852507
518099	64585.947136563875
332000	64559.47368421053
472082	64548.64406779661
333031	64377.0
339021	64227.520661157025
472171	63949.60317460317
250000	63946.91780821918
333000	63858.59649122807
492021	63846.45320197044
211020	63781.157024793385
274031	63728.767123287675
472152	63697.47584541063
499052	63662.17090069284
394031	63537.19298245614
514061	63438.67768595041
173025	63164.09282700422
252020	63114.25
299012	63060.25069637883
292092	63029.33884297521
537021	62992.1975308642
312010	62981.80327868852
492090	62971.011235955055
472221	62886.59517426274
173019	62885.281690140844
274000	62838.59223300971
211022	62777.24812030075
292010	62744.9504950495
436011	62577.71352313167
537041	62557.07865168539
499044	62501.18733509235
271013	62346.7027027027
537111	62327.142857142855
271020	62325.0
252012	62294.740484429065
273099	62261.57676348548
517030	62204.61538461538
475031	62198.88888888889
259021	62149.63636363636
499081	62108.085106382976
331099	61926.50822669104
472000	61869.734042553195
273020	61868.36734693877
492000	61673.30128205128
475013	61635.52147239264
514060	61623.38983050847
499010	61617.454545454544
273090	61481.77914110429
499060	61361.16129032258
531011	61346.25
194090	61344.0
413011	61072.96900489397
292090	61000.91836734694
472132	60979.375
472020	60936.25
274010	60816.48148148148
531021	60796.15053763441
534013	60680.0
499041	60654.83069977427
514012	60648.53820598007
291128	60548.013245033115
212000	60547.58620689655
173011	60478.68173258004
270000	60469.100091827364
194000	60393.456790123455
259011	60382.9012345679
312000	60341.232876712325
173022	60302.51572327044
211010	59882.56
435050	59850.0
212021	59835.270935960594
435052	59816.56298600311
211013	59706.88976377953
253011	59681.3612565445
474061	59526.74698795181
514111	59516.68202764977
499062	59516.42458100559
499040	59403.54304635762
252000	59392.78350515464
194099	59342.22457627119
537033	59255.92592592593
472021	59254.33090024331
312020	59240.71428571428
211000	59163.04878048781
119031	59161.796246648795
232011	59148.04109589041
451011	59049.1961414791
472211	59048.5514834206
493043	59008.09523809524
475040	58969.583333333336
231012	58929.13461538462
212011	58771.045918367345
151151	58619.15740740741
292054	58561.33757961784
434011	58525.563909774435
537070	58508.59375
131121	58484.52768729642
537073	58483.406593406595
499096	58475.40178571428
470000	58339.7990430622
534010	58298.846153846156
475011	58254.85294117647
512011	58203.15789473684
474000	58078.167539267015
475099	57980.833333333336
194031	57946.07142857143
534000	57908.83720930233
259000	57879.65753424657
475021	57802.35555555556
517032	57799.28571428572
493042	57766.75862068965
475049	57750.0
537072	57730.78014184397
232093	57644.64589235128
194091	57606.22905027933
475000	57516.93877551021
439111	57355.45893719807
131074	57338.0
291125	57319.88505747126
517031	57309.565217391304
211092	57274.20918367347
435061	57260.26036644166
493040	57217.82383419689
536041	57170.606060606064
333010	57130.434782608696
253097	57074.91577335375
000000	57009.40156114484
194061	56972.096774193546
475042	56970.46511627907
371012	56896.70826833073
371010	56838.174273858924
472070	56804.49101796407
435053	56719.236363636366
472073	56646.0447761194
435051	56587.77777777778
271024	56357.73041474654
493000	56221.0
332022	56213.92857142857
273091	56149.94579945799
475041	56135.07462686567
499021	56108.22352941176
253090	55999.41176470588
490000	55795.00871080139
332011	55653.97306397306
519011	55579.79933110368
132071	55562.54295532646
472121	55521.84668989547
351011	55513.04
536011	55481.53846153846
518031	55454.545454545456
299091	55453.24590163935
211019	55422.836363636365
472050	55394.8
253000	55306.61111111111
210000	55288.03159173755
211014	55059.64102564102
472080	54986.857142857145
259099	54958.62559241706
472161	54822.34285714286
394000	54785.0
537031	54678.10810810811
516092	54651.03896103896
319011	54494.00954653938
472053	54390.3125
439031	54335.42222222222
472140	54271.51351351351
173031	54270.11061946903
393092	54187.71428571428
274012	54108.69565217391
499043	54045.27426160337
493020	53996.26666666667
211023	53975.60073937153
499045	53874.41860465116
472031	53823.13926940639
395090	53807.25806451613
292099	53780.7037037037
211090	53717.38562091503
272030	53677.22222222222
535022	53676.666666666664
514062	53619.242424242424
537030	53505.2427184466
492098	53488.40782122905
472040	53440.4
391010	53372.692307692305
472130	53335.901639344265
452011	53264.438502673795
493031	53252.752293577985
537032	53036.15866388309
274011	53024.252873563215
472042	52980.76388888889
391011	52974.96296296296
211021	52929.98595505618
514192	52884.666666666664
514120	52742.71186440678
472044	52674.44866920152
519122	52630.207852194
519010	52618.64864864865
435011	52616.3125
419090	52525.195729537365
274013	52459.565217391304
514041	52450.522388059704
472022	52433.01587301587
499000	52430.141987829615
514000	52339.79661016949
410000	52305.4425942156
499094	52183.97590361446
391000	52170.47297297297
472231	52169.45945945946
254013	52021.78343949045
493021	51984.13740458015
439011	51923.7037037037
292055	51853.76218323587
411011	51749.764453961456
492092	51738.828451882844
519080	51683.432835820895
419099	51615.865237366
472081	51497.20547945205
211099	51457.88279773157
474041	51406.601941747576
514010	51361.282051282054
330000	51323.88729703916
211011	51314.10112359551
499099	51280.19347037485
472151	51154.046920821114
132082	51080.026666666665
432099	50962.61538461538
272020	50881.77215189873
194021	50878.52631578947
454020	50786.666666666664
292000	50746.142131979694
472041	50743.1455399061
351010	50643.26424870466
472071	50440.729166666664
394011	50378.392857142855
514121	50322.42957746479
454021	50271.71875
419012	50171.25
519082	50118.86363636364
535011	50084.69512195122
499061	50078.68686868687
493023	49900.74971164937
472051	49671.07317073171
333012	49624.59161147903
273010	49618.03571428572
537121	49616.0
512093	49607.72727272727
436012	49565.39308176101
433051	49536.67931688805
435041	49494.26035502958
533032	49371.95320447609
512031	49363.701657458565
475071	49312.63440860215
292061	49245.61929595828
253021	49241.491228070176
519081	49095.29801324503
514035	49073.169642857145
493051	49070.11952191235
474090	49025.967741935485
435030	48993.80503144654
274021	48927.33509234829
273022	48910.981595092024
292012	48879.48760330579
519061	48666.96058091286
474099	48657.80185758514
371011	48417.32445520581
433099	48300.092307692306
272022	48264.855769230766
435032	48253.45898004434
472141	48029.84210526316
514051	48011.67741935484
436010	48010.28112449799
499064	47955.294117647056
433000	47931.854838709674
514050	47847.75
194011	47789.70212765958
519012	47777.76902887139
194093	47766.103896103894
472043	47680.17857142857
519071	47675.6038647343
271012	47670.862068965514
211094	47654.09090909091
433061	47588.474148802015
515111	47492.19298245614
499090	47477.76623376623
499071	47466.008771929824
333011	47386.64634146341
472181	47345.17671517671
492097	47218.026905829596
499011	47121.79012345679
434061	47101.67548500882
519141	47099.354838709674
472131	46999.45147679325
273011	46985.84459459459
439081	46905.3591160221
399031	46800.045731707316
510000	46666.88628158845
211015	46654.66055045871
499031	46632.136222910216
514011	46573.98785425101
514191	46540.51502145923
514023	46506.06334841629
111031	46497.8167115903
492011	46491.58095238095
514032	46414.42105263158
512041	46406.908713692945
292071	46392.01398601398
413041	46261.934426229505
493041	46196.101694915254
514034	46152.48120300752
493050	46128.782608695656
391021	46100.742705570294
352013	46081.42857142857
433031	45973.03930131004
434161	45972.072916666664
499063	45896.14678899082
434199	45780.10512483574
452021	45672.380952380954
373013	45503.44398340249
515110	45410.80459770115
435031	45394.94827586207
434041	45289.068493150684
454000	45258.30508474576
514194	45227.36196319018
514190	45226.08
474071	45209.23333333333
439041	45185.66371681416
454023	45054.56140350877
391012	44880.25316455696
514122	44868.76080691643
474051	44824.36877076412
514020	44791.46788990826
519051	44763.72
435000	44732.691511387166
519000	44697.714987714986
493092	44587.3717948718
493052	44520.318181818184
454022	44441.42156862745
434131	44308.341384863124
251191	44288.16901408451
514052	44279.22222222222
519023	44239.96610169492
333041	44203.181818181816
395000	44201.57894736842
454029	44195.94594594595
519120	44070.5
514022	44034.37086092715
439022	43964.09448818897
434021	43875.4375
533030	43704.45221445221
519020	43649.666666666664
273012	43617.71186440678
516090	43598.7786259542
519196	43531.37583892617
474031	43487.096774193546
292081	43426.078066914495
514199	43364.47963800905
433011	43341.282352941176
430000	43270.55507372073
517000	43221.969696969696
439199	43199.96415770609
537199	43165.87591240876
339011	43092.77777777778
515112	43037.4486803519
434031	43023.71379897786
319099	42996.94183864915
434181	42868.561643835616
212099	42835.09433962264
472061	42819.89298454221
536099	42813.813229571984
292057	42754.53216374269
519021	42742.956730769234
432021	42736.6129032258
533021	42722.95039164491
493022	42718.80597014925
395094	42705.60553633218
475081	42668.08219178082
319091	42602.23011363636
339093	42567.9746835443
319000	42549.9375
454011	42487.47474747475
514030	42486.134969325154
512023	42483.362068965514
514081	42476.18357487923
533000	42442.407002188185
512020	42431.41592920354
252010	42429.25
514071	42412.846153846156
472142	42386.22222222222
373019	42314.62686567164
452099	42260.9649122807
397012	42107.57142857143
319094	42098.87168141593
292041	42033.75196232339
433021	41983.156899810965
292050	41863.432835820895
434000	41848.977505112474
493053	41774.305555555555
517011	41677.02127659575
372021	41653.698296836985
514070	41582.2429906542
392011	41541.875
530000	41497.88120567376
436014	41427.13164777681
514021	41378.74651810585
516093	41333.08641975309
512021	41296.054421768706
516091	41177.79816513762
373012	41124.01315789474
351012	41117.2738238842
339000	41084.5
434151	40987.688564476884
537051	40928.5807860262
439000	40872.26262626263
339099	40841.162029459905
499091	40815.32307692308
475051	40795.5
453000	40683.68421052631
492096	40647.44680851064
434051	40614.75685234306
434141	40591.34564643799
453011	40586.25
536000	40505.522388059704
519041	40492.5495049505
519121	40398.382608695654
339090	40376.88524590164
537011	40292.56797583082
533099	40288.21428571428
514033	40286.57701711491
319090	40217.243589743586
292053	40091.43396226415
519197	40051.16279069767
339030	40050.41237113402
537081	40049.43925233645
514193	40019.23344947735
399030	40010.140845070426
319093	39909.72151898734
515113	39786.15853658537
514031	39750.47619047619
412022	39743.87755102041
419010	39719.307692307695
517099	39715.398230088496
272023	39703.17365269461
512022	39654.78723404255
519032	39608.75545851528
254031	39542.3275862069
435071	39537.66761095373
519199	39535.06072874494
519083	39497.735849056604
533033	39491.82078169686
517021	39413.5960591133
339031	39354.851485148516
514072	39319.79035639413
519194	39310.887573964494
512091	39193.333333333336
512000	39173.96363636364
473011	39121.625
519191	38913.02857142857
519193	38888.86178861788
436013	38655.154362416106
439020	38637.872928176796
439071	38510.955555555556
519195	38507.37951807229
435111	38456.58146964856
211093	38454.62466487935
493090	38414.444444444445
533020	38377.42424242424
439061	38344.73362445415
292056	38315.261261261265
519030	38277.784810126584
434111	38156.38364779874
519123	38141.12359550562
473010	38077.92857142857
474091	37927.72727272727
312012	37915.357142857145
512090	37845.23622047244
513021	37772.95345104334
519190	37526.54970760234
517040	37495.97402597403
252011	37347.640287769784
395010	37274.13333333333
519151	37269.80694980695
519022	37269.48096885813
516099	37269.19254658385
292052	37222.02937249666
537000	37111.26666666667
512092	36972.7027027027
519192	36952.573839662444
450000	36946.076433121016
319097	36571.59132007233
432000	36567.62114537445
395011	36528.101265822785
519111	36459.45799457995
452091	36397.051792828686
339032	36396.10671936759
513091	36340.51282051282
499095	36329.642857142855
412020	36313.90350877193
473013	36231.81176470588
512099	36013.833097595474
439021	35976.556442417335
473019	35935.87755102041
319092	35905.5630936228
537063	35772.12860310421
439051	35760.94991364422
372019	35714.71428571428
516052	35713.5593220339
373010	35636.38225255973
517042	35454.598540145984
513020	35377.25490196078
517041	35334.71849865952
513093	35240.982142857145
271026	35169.26147704591
434071	35107.48110831234
513000	35018.34862385321
473015	34953.029490616624
310000	34904.01948842875
533022	34779.33425797503
397010	34724.94382022472
499098	34685.09270704573
533031	34630.606826801515
537060	34589.642857142855
473012	34515.718475073314
513092	34356.17391304348
392000	34339.9
516050	34315.333333333336
452000	34196.77595628415
352019	34181.80672268908
292051	34067.78911564626
396012	34054.291338582676
537062	33987.09023941068
399000	33978.05
419011	33923.69272237197
419091	33888.557692307695
519031	33820.2688172043
396010	33773.73626373626
412000	33578.054862842895
516060	33516.811594202896
452090	33495.08287292818
435081	33456.3753449862
432011	33397.85609397944
473016	33198.07692307692
412021	33085.09988249119
513090	33018.47457627119
435021	32955.37005163511
434171	32892.72972972973
516000	32857.627118644064
516064	32853.44827586207
536061	32842.55474452555
519198	32665.10613207547
516063	32615.625
373011	32571.969860064586
493091	32524.954954954956
473014	32467.954545454544
516061	32452.625
311010	32446.464646464647
419041	32402.213279678068
352010	32386.444444444445
399041	32303.451492537315
395012	32292.192592592593
452093	32238.931297709925
397011	32174.112426035503
372000	32079.97907949791
372010	32005.690376569037
319095	31883.918495297807
370000	31858.303886925794
393019	31857.66233766234
339091	31849.970930232557
311013	31789.342105263157
516062	31785.371428571427
312022	31685.91346153846
271023	31452.434782608696
493093	31354.087837837837
311015	31245.76388888889
433071	31241.690140845072
399032	31061.0
253098	31057.789855072464
372011	31023.906111603188
434121	30951.85661764706
412031	30931.546184738956
433041	30882.178217821784
352000	30854.65306122449
513011	30806.05612998523
399099	30701.815561959655
394021	30606.74922600619
319096	30553.429158110885
311014	30519.203296703297
352012	30485.493827160495
393021	30286.162790697676
516031	30253.12962962963
499093	30095.76923076923
516041	29951.428571428572
513099	29946.03375527426
533041	29882.390710382515
513023	29701.010638297874
516051	29684.368932038837
513022	29675.13931888545
390000	29564.93492407809
516042	29528.333333333332
516040	29514.48275862069
259041	29472.177419354837
452092	29118.030592734227
452041	29044.85
412012	28902.644628099173
393099	28847.716535433072
533011	28817.361963190186
537061	28730.346420323327
393012	28709.38775510204
395092	28463.180076628352
393090	28260.084745762713
536031	28224.300168634065
537064	28009.23076923077
393093	27914.35185185185
352014	27684.55862977602
393010	27647.714285714286
412010	27157.213114754097
359099	27154.023668639053
353000	26888.811475409835
392021	26724.847161572052
311011	26667.15361445783
350000	26651.742344244984
393000	26564.96062992126
396011	26275.96566523605
353011	26132.448418156808
359000	26014.915254237287
353020	25938.063063063062
516011	25829.986187845305
352015	25697.212837837837
372012	25541.087470449173
536021	25528.172588832487
353041	25243.008982035928
352021	25135.795180722893
516021	25022.482269503547
399021	25021.38775510204
399011	25006.955958549224
434081	24874.07299270073
353031	24760.812903225808
393011	24340.083333333332
412011	24192.873563218393
339092	23918.35010060362
393091	23506.240713224368
395093	23333.882352941175
393031	22925.911458333332
353022	22913.324708926262
359011	22670.276243093922
353021	22447.931844888368
359031	22390.86280056577
352011	22217.981366459626
359021	22171.863979848866
272042	
272099	
272031	
272011	
272040	
