291067	120067.12918660288
291151	116461.88976377953
291061	112555.25862068965
291064	108220.0
291023	105229.82142857143
291062	103804.67372134038
291063	103517.86259541985
291069	102896.36785162287
291065	97931.02678571429
291066	90750.07936507936
291022	90716.8
291051	89114.56375838927
291029	87785.3488372093
291021	87194.07821229051
119041	84218.6750348675
291060	79199.68421052632
291024	77476.66666666667
113021	73162.95652173914
111011	72390.25666337612
119121	72113.95415472779
291171	71262.21407624634
172161	71046.07843137255
172171	70948.76543209876
291161	70502.56
231010	70260.23715415019
231000	68861.49019607843
151111	68843.15789473684
113111	68486.23333333334
192010	67749.66101694915
172011	67435.51351351352
532021	67320.0925925926
291071	66822.99820466786
532011	66323.36283185841
192012	65673.63636363637
518011	65182.5
291020	64153.27272727273
112021	63799.65648854962
172061	63630.84249084249
113061	63178.126801152735
113031	62732.49773755656
192011	62726.470588235294
172121	62523.37837837838
291081	62165.833333333336
119032	62095.496296296296
113121	61716.211604095566
172041	61223.40425531915
172072	61103.75
112020	60889.617117117115
113131	60673.318077803204
112031	60601.498973305956
151133	60550.904684975765
112000	60165.40838852097
291041	60121.25786163522
172070	59642.5
113051	59478.254156769595
152021	58556.4406779661
172071	58444.746268656716
152011	58376.30573248408
112022	58059.1286727457
151143	58007.150442477876
172151	57821.27450980392
291123	57810.44096728307
113000	57695.54655870445
119111	57280.0
518012	57233.63636363636
291124	57231.937172774866
193011	56934.804469273746
419031	56850.26699029126
231011	56619.16075650118
231023	56605.377358490565
172131	56282.38255033557
292033	55724.12017167382
119131	55659.128630705396
151132	55271.71428571428
291131	55202.3828125
192021	54618.307692307695
193032	54490.882352941175
172000	54348.08
172112	54174.53416149069
291181	54157.12871287129
193094	54084.82142857143
331012	53991.9587628866
192032	53787.75362318841
119000	53781.158798283264
291122	53770.77922077922
192043	53706.63716814159
119021	53635.96879063719
172110	53510.468227424746
172141	53275.110821382004
172031	53215.62162162162
172111	53084.80818414322
119033	53006.86915887851
113071	52975.81863979849
151122	52658.4
172081	52226.119047619046
151120	52015.391304347824
172051	51992.91780821918
532010	51936.666666666664
231021	51890.769230769234
292021	51853.20474777448
171010	51677.52577319588
119199	51655.9649122807
172199	51478.25242718447
492095	51380.93457943925
192099	51174.8275862069
299092	50702.47191011236
191041	50468.72881355932
172021	50273.333333333336
111000	50168.14889336016
151121	49914.28899082569
191040	49885.34246575343
251032	49650.46357615894
251063	49614.545454545456
192042	49169.38697318007
112011	49159.94029850746
292032	48913.46072186837
291000	48808.898678414094
113011	48700.23651844844
132031	48609.71553610503
171011	48589.84168865436
152041	48517.31292517007
151130	48436.95863746959
292035	48413.77777777778
132050	48411.861198738174
119061	48278.92473118279
251043	48104.51612903226
132051	47885.049365303246
333052	47820.0
191042	47807.878787878784
271011	47774.30034129693
251041	47599.01408450704
251112	47473.69047619047
518013	47434.45614035088
151140	47424.2596810934
331021	47294.83412322275
291141	47190.53571428572
291127	47178.49683544304
191099	47093.22580645161
191021	47039.23566878981
193092	46998.61111111111
110000	46907.90252393386
251061	46744.76190476191
132061	46680.4214559387
251054	46662.916666666664
532012	46594.619883040934
193041	46568.9552238806
331011	46310.6993006993
192040	46292.93103448276
518092	46261.9375
192000	46248.52631578947
532000	46127.20338983051
333021	46021.3704496788
193099	45966.03305785124
119039	45927.857142857145
151142	45870.47297297297
537111	45841.90476190476
152000	45792.16981132075
192030	45784.02877697842
251051	45759.5918367347
119161	45751.09375
151141	45732.106060606064
251053	45718.75
251050	45698.5
152031	45695.66448801743
331010	45531.89189189189
111021	45442.99825174825
119030	45326.01851851852
251040	45241.851851851854
119071	45229.230769230766
193051	44815.93846153846
151131	44815.416666666664
475061	44730.0
193000	44726.98717948718
131111	44643.585313174946
131081	44590.013927576605
194051	44531.96428571428
251030	44483.63636363636
251070	44475.0
534012	44387.142857142855
131032	44329.375
518010	44294.79452054795
291199	44164.903474903476
251031	44011.0447761194
171000	43985.80152671756
499051	43927.199211045365
251052	43874.86910994764
251065	43855.211267605635
251072	43773.8338658147
474021	43675.78125
192031	43664.83516483517
291126	43493.588785046726
251064	43416.91176470588
251071	43373.49206349206
251042	43293.1541218638
251082	43147.10144927536
191029	42985.401459854016
518093	42964.52736318408
191020	42854.61538461538
499097	42808.80952380953
291120	42802.17391304348
193031	42777.12979890311
299011	42765.973333333335
192041	42716.9
151199	42625.85677749361
171012	42560.239234449764
171021	42436.113989637306
191022	42412.401960784315
191032	42336.76646706587
534011	42330.0
251067	42119.700598802396
535031	42100.92105263158
193039	42081.206896551725
191000	41941.2987012987
173021	41882.886597938144
170000	41752.19020172911
132000	41733.29938900204
191023	41600.13157894737
252023	41596.46153846154
193030	41530.10526315789
251125	41348.06122448979
292011	41294.2905982906
273042	41229.23787528869
191011	41123.880597014926
333031	41031.57142857143
193090	41004.92957746479
472011	40980.3825136612
251021	40878.181818181816
534041	40724.0
537071	40694.032258064515
132011	40481.778169014084
534031	40451.186440677964
312011	40400.50420168067
251062	40320.22471910113
471011	40286.86318131257
119013	40252.80701754386
132053	40221.373239436616
132041	40207.177777777775
291011	39983.15789473684
251066	39971.26050420168
119151	39904.26300578035
492091	39871.41891891892
252032	39838.06603773585
191031	39818.27338129497
332021	39697.94117647059
491011	39679.39114391144
414011	39556.37362637363
191012	39502.77777777778
292034	39463.85432473445
251022	39452.359154929574
131141	39425.922953451045
252053	39396.22377622378
292091	39328.01282051282
191030	39301.6129032258
291129	39279.17159763313
518021	39174.36408977556
411012	39125.269841269845
132052	39117.83261802575
191013	39087.36607142857
292030	39086.62337662338
252054	39048.22097378277
132099	39047.704654895664
151100	39015.338983050846
131031	38985.02762430939
173023	38974.984375
536051	38957.67326732673
534010	38816.53846153846
251069	38812.551020408166
534021	38671.86440677966
472072	38601.230769230766
299010	38440.894039735096
251011	38404.69594594595
252022	38371.64763458401
252031	38362.67175572519
193091	38329.38461538462
230000	38315.11627906977
475031	38211.11111111111
252052	38144.7322970639
251020	38118.75
173024	38074.72081218274
251126	38043.333333333336
191010	38027.4358974359
271021	37950.68571428571
231022	37939.27536231884
251060	37695.90909090909
150000	37682.202327663384
171020	37622.58426966292
251124	37492.34972677596
251113	37442.3275862069
173012	37399.68641114983
251192	37393.181818181816
131030	37303.48623853211
231020	37223.018867924526
251123	37088.368055555555
252021	37057.48493975904
273040	37053.11023622047
194092	37050.658682634734
493011	37040.29702970297
271014	37019.708333333336
333051	37010.2802359882
492094	37008.275261324045
131041	37003.326337880375
499069	37000.220264317184
251111	36987.6282051282
173029	36931.247600767754
131023	36927.28813559322
251122	36898.970588235294
131070	36879.44680851064
291031	36841.36936936937
492093	36816.6875
259031	36759.66767371601
211029	36732.48138957816
131051	36588.51063829787
151152	36581.1286407767
193093	36574.556962025315
171022	36538.06603773585
499081	36531.914893617024
535021	36522.48756218905
131020	36292.62222222222
518099	36288.32599118943
312021	36227.08041958042
518091	36206.32258064516
474061	36198.43373493976
299000	36021.59509202454
252059	35974.97797356828
152099	35967.8431372549
333050	35965.65217391304
251110	35756.153846153844
518090	35711.929824561405
131199	35691.67896678967
274099	35669.79899497487
534013	35595.60975609756
151134	35588.97014925373
475049	35581.666666666664
475040	35565.0
131021	35547.60504201681
475041	35517.611940298506
251081	35504.86891385768
173027	35451.97590361446
518000	35416.95278969957
173020	35375.01805054152
252012	35311.903114186855
251121	35294.12408759124
211092	35250.61224489796
131071	35209.0917266187
499044	35195.62005277045
411010	35056.301703163015
232000	35023.958333333336
474011	35011.707746478874
511011	35008.82697947214
131000	34901.71026156942
173026	34895.03042596349
252051	34857.181818181816
231012	34782.980769230766
475042	34731.16279069767
130000	34712.976501305486
173010	34659.36936936937
173013	34650.36964980545
291128	34618.34437086093
271010	34595.88888888889
331000	34561.290322580644
252030	34560.833333333336
532020	34520.63829787234
173000	34444.583333333336
435052	34433.03265940902
132081	34365.34246575343
251080	34351.48148148148
252050	34285.0
531031	34132.90155440415
536011	34124.61538461538
254021	34116.09510086455
499012	34071.78921568627
537041	34036.40449438202
472150	34019.41463414634
475011	33991.91176470588
232091	33991.26582278481
132072	33986.482558139534
211022	33958.721804511275
332020	33956.57894736842
436011	33941.067615658365
472221	33929.62466487935
472111	33927.2497365648
537021	33848.98765432099
493043	33828.09523809524
514012	33780.63122923588
492021	33772.56157635468
232099	33767.97342192691
535020	33734.125
475012	33630.36363636364
132070	33629.912280701756
472171	33564.52380952381
251120	33516.48648648649
492090	33507.265917603
173011	33443.9736346516
435050	33410.0
190000	33400.41841004184
173022	33339.769392033544
119081	33301.75675675676
435053	33283.67272727273
475099	33266.458333333336
517030	33252.307692307695
292061	33164.863102998694
173019	33152.18309859155
534000	33140.6976744186
119051	33121.30081300813
493042	33118.8275862069
251000	33076.46464646464
131151	33046.532019704435
290000	32943.88349514563
254012	32918.342245989305
499041	32910.63205417607
472082	32898.898305084746
499050	32880.833333333336
514111	32857.60368663594
472021	32792.48175182482
394000	32783.333333333336
475021	32768.53333333333
211012	32762.375690607736
211013	32753.858267716536
131161	32708.415458937197
431011	32697.248908296944
273000	32669.815789473683
475013	32645.521472392636
434011	32604.022556390977
413031	32536.910714285714
492022	32514.984939759037
339093	32448.73417721519
531011	32434.779411764706
119141	32363.016591251886
435051	32349.288194444445
333000	32298.070175438595
514061	32258.92561983471
492020	32229.745762711864
472152	32201.884057971016
232011	32181.972602739726
439111	32153.42995169082
531000	32110.172413793105
292055	32093.294346978557
173025	32079.113924050635
499045	32078.372093023256
394031	32074.98245614035
475010	32036.808510638297
537033	32033.703703703704
333012	32028.344370860927
492000	31945.25641025641
252020	31926.5
472073	31917.873134328358
499060	31910.83870967742
131075	31907.9176201373
292054	31889.36305732484
251193	31838.92405063291
499092	31819.53488372093
472132	31805.15625
514060	31797.79661016949
299012	31792.17270194986
272010	31762.764227642278
532022	31742.74193548387
254011	31709.328358208953
131022	31641.71073094868
271022	31619.349593495936
193022	31604.625850340137
132071	31564.776632302404
131131	31550.229166666668
272012	31543.219512195123
211091	31521.185031185032
273031	31512.08765859285
472161	31434.685714285715
232090	31433.939393939392
194041	31419.342105263157
537073	31386.153846153848
499096	31367.053571428572
499052	31285.219399538106
292031	31263.942857142858
253011	31256.570680628272
493040	31188.860103626943
514062	31161.666666666668
536041	31126.262626262625
151150	31101.444444444445
299091	31085.377049180326
273043	31001.50273224044
419021	30986.839826839827
414010	30983.456464379946
152090	30938.75
291125	30841.149425287356
419020	30834.95145631068
512011	30818.42105263158
271019	30786.06557377049
132021	30770.986547085202
292090	30755.30612244898
499021	30752.4
499040	30716.854304635763
339021	30704.95867768595
251194	30698.603696098562
499062	30688.938547486032
273041	30665.482625482626
518031	30662.102272727272
332022	30637.5
434061	30609.611992945327
472020	30482.65625
331099	30455.594149908593
251199	30432.995951417004
472070	30393.17365269461
119031	30368.76675603217
211020	30316.11570247934
451011	30275.755627009647
499010	30258.454545454544
259011	30206.234567901236
452011	30173.26203208556
131011	30142.23404255319
517032	30130.35714285714
194099	30120.52966101695
475000	30115.0
472231	30085.405405405407
537032	30028.12108559499
194090	29936.6
517031	29887.82608695652
531021	29880.924731182797
535000	29871.176470588234
273021	29866.428571428572
254000	29854.263565891473
472000	29848.67021276596
534099	29793.666666666668
371012	29786.25585023401
472151	29781.58357771261
537031	29728.64864864865
493031	29723.738532110092
432099	29656.615384615383
194091	29621.620111731845
472050	29547.066666666666
519011	29533.44481605351
292092	29521.652892561982
194000	29502.798353909464
532031	29457.464788732395
194031	29438.949579831933
232093	29369.631728045326
514192	29360.083333333332
332000	29334.473684210527
472211	29318.586387434556
254010	29318.101265822785
299099	29293.53115727003
537070	29288.4375
259021	29248.0
274030	29241.489361702126
211010	29199.92
271020	29198.79781420765
271000	29191.85185185185
211014	29127.74358974359
312010	29106.22950819672
292010	29042.673267326732
454021	28997.34375
211023	28970.25878003697
472071	28958.932291666668
435061	28951.75506268081
472121	28937.317073170732
454029	28890.27027027027
271025	28860.99706744868
151151	28818.537037037036
492098	28803.96648044693
499043	28781.026722925457
211021	28700.898876404495
211019	28538.945454545454
251190	28535.51282051282
493000	28517.941176470587
391011	28382.666666666668
211011	28345.411985018727
414012	28339.90138067061
299090	28317.19008264463
413021	28307.145061728395
472080	28267.714285714286
333010	28260.434782608696
436012	28252.814465408806
472140	28217.18918918919
472053	28165.625
472130	28151.475409836065
292099	28142.333333333332
273091	28117.80487804878
519122	28082.956120092378
273090	28075.276073619632
514041	28053.731343283584
194021	28047.815789473683
474041	28043.495145631066
472081	28032.986301369863
211000	27992.682926829268
271024	27975.2534562212
472051	27950.52032520325
274032	27921.505376344085
499094	27917.14859437751
413000	27891.39423076923
514121	27887.288732394365
173031	27837.964601769912
514120	27821.398305084746
271029	27820.227272727272
537072	27802.127659574468
537030	27783.68932038835
351011	27781.536
435031	27779.344827586207
274031	27771.004566210046
272032	27762.25
332011	27722.239057239058
512093	27701.363636363636
472031	27700.034246575342
439031	27655.911111111112
371010	27634.979253112033
252000	27632.268041237112
474000	27605.340314136127
514051	27600.83870967742
512031	27565.635359116022
474051	27537.99003322259
271027	27528.910256410258
472044	27492.69961977186
131121	27472.068403908794
519141	27434.677419354837
212011	27389.770408163266
492092	27382.25941422594
470000	27359.866028708133
499011	27351.666666666668
472022	27337.698412698413
373013	27337.676348547717
433051	27315.142314990513
194093	27279.39393939394
519080	27228.20895522388
271013	27204.108108108107
435011	27143.34375
433061	27130.50441361917
273099	27078.132780082986
533032	27065.747711088505
212000	27017.241379310344
475071	26991.451612903227
514023	26986.787330316743
514000	26976.338983050846
433099	26948.061538461538
514010	26893.931623931625
292012	26885.520661157025
333011	26878.29268292683
512041	26793.278008298756
194061	26775.21505376344
439041	26725.911504424777
152091	26721.153846153848
514035	26710.848214285714
535022	26599.833333333332
519010	26543.693693693695
434141	26530.42216358839
514034	26461.766917293233
514191	26446.48068669528
516092	26428.83116883117
439011	26418.8683127572
514011	26399.41295546559
514050	26398.0
211099	26333.175803402646
274014	26326.91011235955
274010	26326.11111111111
514122	26321.15273775216
132080	26315.14285714286
394011	26259.64285714286
274013	26256.521739130436
413099	26214.870565675934
319091	26209.957386363636
472040	26175.333333333332
493020	26165.155555555557
472042	26146.805555555555
454022	26135.147058823528
434041	26122.19178082192
472141	26119.776315789473
434161	26112.864583333332
493021	26088.870229007633
292000	26072.94416243655
259099	26061.990521327014
439022	26038.21522309711
472181	25999.085239085238
272041	25955.77981651376
454023	25901.57894736842
292057	25884.298245614034
434021	25881.125
274000	25840.339805825242
514052	25839.777777777777
435041	25823.96449704142
419000	25798.315217391304
419022	25763.67619047619
474071	25760.8
535011	25722.98780487805
194011	25689.82978723404
435030	25676.98113207547
434199	25661.44546649146
254013	25641.5923566879
211090	25628.95424836601
333041	25587.803030303032
499061	25586.868686868685
514022	25572.3178807947
493051	25567.80876494024
212021	25484.532019704435
472043	25478.571428571428
519012	25462.02099737533
514032	25441.684210526317
519051	25425.52
537121	25390.53846153846
493041	25363.474576271186
434131	25361.44927536232
272000	25348.064516129034
474099	25299.318885448916
210000	25296.245443499392
292071	25250.405594405594
312000	25244.657534246577
319094	25227.367256637168
434031	25206.354344122657
492097	25203.228699551568
514194	25139.754601226992
411011	25113.276231263382
474090	25111.209677419356
475081	25095.27397260274
433021	25057.608695652172
499000	25053.772819472615
391000	25050.337837837837
499031	25019.009287925695
514020	25008.34862385321
515111	25001.842105263157
211094	24994.68181818182
351010	24975.906735751294
472131	24964.599156118144
490000	24961.811846689896
433000	24948.427419354837
371011	24940.641646489104
273020	24926.938775510203
499099	24925.6469165659
519082	24890.113636363636
433011	24843.58823529412
519081	24835.298013245032
493092	24826.98717948718
259000	24798.630136986303
475051	24789.833333333332
472041	24746.76056338028
514071	24682.69230769231
211015	24640.110091743118
514190	24626.4
454000	24556.610169491527
274011	24552.666666666668
312020	24520.285714285714
519023	24519.86440677966
512023	24517.28448275862
373012	24493.61842105263
537011	24448.82175226586
435032	24442.328159645233
319093	24433.291139240508
493022	24424.701492537315
292053	24373.849056603773
519021	24370.76923076923
493050	24341.217391304348
391010	24266.923076923078
292081	24264.237918215615
519120	24217.68181818182
339011	24206.277777777777
454020	24197.333333333332
472142	24120.222222222223
514081	24119.347826086956
453011	24092.5
272021	24042.560975609755
453000	24033.684210526317
413011	23984.877650897226
319097	23980.940325497286
514021	23941.977715877438
439081	23930.662983425413
492011	23930.019047619047
474031	23924.967741935485
493052	23908.954545454544
452021	23864.285714285714
533021	23854.20365535248
519196	23852.75167785235
512021	23823.673469387755
519061	23811.327800829877
537051	23793.9192139738
519020	23787.833333333332
519071	23784.15458937198
436013	23771.18120805369
433031	23770.183406113538
516091	23752.844036697246
514199	23720.678733031673
319099	23702.19512195122
432021	23678.548387096773
493053	23635.25462962963
473011	23621.916666666668
514193	23617.526132404182
270000	23617.29109274564
391021	23567.068965517243
499063	23552.660550458717
292056	23547.92792792793
292050	23543.805970149253
512091	23523.915343915345
372021	23495.86374695864
373019	23489.303482587064
519197	23431.86046511628
253097	23427.228177641653
517000	23376.89393939394
492096	23364.113475177306
339031	23346.831683168315
436010	23327.248995983937
517011	23323.365570599613
514030	23303.374233128834
519121	23300.991304347826
514070	23294.48598130841
493023	23282.099192618225
519041	23243.366336633662
454011	23227.575757575756
319092	23218.331071913162
319011	23203.6754176611
419090	23185.90747330961
253090	23183.529411764706
514031	23133.724489795917
514033	23068.141809290955
434111	23026.14779874214
250000	23010.730593607306
519032	22941.09170305677
512020	22934.690265486726
413041	22918.032786885247
499071	22911.815789473683
517021	22897.58620689655
515110	22894.080459770114
273022	22891.22699386503
533030	22872.540792540793
516090	22852.290076335878
395091	22806.81818181818
319090	22796.47435897436
519194	22738.816568047336
519195	22673.28313253012
519083	22608.584905660377
292052	22602.096128170895
499090	22563.376623376622
419099	22561.516079632467
253000	22553.555555555555
519191	22538.22857142857
292041	22526.326530612245
319000	22514.0625
537199	22509.92700729927
472061	22460.035671819263
515112	22435.8357771261
274012	22429.8418972332
512022	22389.76595744681
537081	22386.26168224299
393092	22375.904761904763
516093	22364.814814814814
439199	22354.133811230586
132082	22353.2
452099	22316.140350877195
533000	22296.76148796499
517099	22243.097345132745
452091	22224.701195219124
391012	22203.67088607595
514072	22131.94968553459
254031	22118.58620689655
499091	22095.753846153846
435000	22094.285714285714
536099	22092.412451361866
474091	22068.636363636364
519193	22057.560975609755
434151	22001.83698296837
372019	21994.64285714286
434000	21979.59100204499
499064	21970.58823529412
252010	21935.875
519022	21919.965397923876
499095	21909.64285714286
436014	21875.28334786399
519123	21851.573033707864
111031	21850.59139784946
397012	21850.0
519000	21823.513513513513
435071	21820.39660056657
251191	21766.056338028167
510000	21755.018050541516
473013	21751.835294117645
312012	21646.64285714286
519192	21625.48523206751
434181	21623.49315068493
439020	21622.43093922652
533099	21599.23469387755
515113	21588.963414634145
473015	21567.131367292226
519030	21530.379746835442
271012	21525.94827586207
473016	21491.153846153848
434051	21489.67285587975
439071	21486.88888888889
351012	21480.289505428227
517040	21468.051948051947
211093	21445.469168900803
512000	21440.727272727272
517041	21412.198391420912
516064	21387.011494252874
435111	21384.61661341853
274021	21379.39313984169
339099	21316.69394435352
330000	21289.904489016237
516061	21289.25
473019	21285.469387755104
493090	21268.0
513093	21263.883928571428
513021	21249.48635634029
517042	21232.116788321167
419012	21201.071428571428
272030	21191.38888888889
311013	21168.114035087718
339090	21156.72131147541
433071	21148.76056338028
536000	21132.587064676616
513091	21131.641025641027
253021	21124.035087719298
439021	21099.897377423033
396012	21089.685039370077
513020	21040.58823529412
473012	21029.618768328444
432000	20976.299559471365
410000	20963.356704645048
253098	20959.63768115942
000000	20938.334778837816
395090	20916.935483870966
499093	20915.384615384617
473014	20911.363636363636
339000	20892.775
516099	20889.75155279503
430000	20820.659150043364
537063	20812.41685144124
473010	20810.071428571428
493091	20773.243243243243
352013	20772.85714285714
533020	20760.151515151516
512092	20721.145431145433
519199	20711.65991902834
512090	20692.67716535433
533022	20684.57697642164
395094	20673.737024221453
516052	20632.07627118644
519151	20629.53667953668
519031	20599.40860215054
311014	20599.03846153846
419091	20598.46153846154
395011	20594.936708860758
339030	20593.118556701033
311015	20551.597222222223
519111	20545.271002710026
439051	20541.381692573403
292051	20475.748299319726
516063	20434.895833333332
310000	20422.667478684532
392011	20391.68269230769
432011	20354.214390602057
131074	20338.0
212099	20326.98113207547
399031	20240.48780487805
513000	20224.22018348624
412022	20198.87074829932
439000	20184.343434343435
272020	20154.177215189873
352019	20153.235294117647
396010	20149.67032967033
537000	20128.62222222222
311010	20123.535353535353
252011	20122.287769784172
512099	20109.51909476662
513092	20106.130434782608
373010	20106.109215017066
312022	20084.66346153846
452041	20062.1
419010	20037.615384615383
397010	20020.337078651686
519190	20018.567251461987
516062	20000.17142857143
516060	19985.072463768116
435021	19962.788296041308
339032	19952.727272727272
434071	19946.158690176322
533033	19939.21830314585
513023	19926.010638297874
493093	19922.483108108107
516050	19917.333333333332
530000	19897.304964539006
450000	19895.133757961783
419011	19871.024258760106
319095	19863.0407523511
395000	19813.052631578947
271026	19796.147704590818
272022	19758.31730769231
399041	19751.641791044774
434171	19705.792792792792
452090	19704.806629834253
452000	19696.939890710382
273011	19686.79054054054
439061	19642.35807860262
516051	19628.44660194175
513022	19594.6439628483
513099	19586.07594936709
273010	19571.071428571428
537060	19545.334821428572
339091	19544.418604651164
513090	19524.406779661018
433041	19523.168316831685
519198	19500.68396226415
499098	19497.898640296662
392000	19482.6
319096	19444.024640657084
452093	19441.374045801527
271023	19437.565217391304
412020	19408.947368421053
272023	19408.14371257485
537062	19389.91712707182
397011	19371.745562130178
419041	19358.933601609657
399030	19336.267605633802
516000	19313.51694915254
352012	19290.555555555555
373011	19285.76964477933
533011	19259.815950920245
273012	19215.0
516031	19193.777777777777
394021	19139.56656346749
435081	19127.718491260348
352010	19071.022222222222
536061	19026.78832116788
393019	18996.493506493505
452092	18994.263862332697
513011	18920.974889217134
516042	18912.777777777777
434121	18910.90073529412
516041	18830.408163265307
533041	18827.89617486339
395092	18822.298850574713
311011	18821.05421686747
259041	18757.5
399099	18716.628242074927
393099	18709.44881889764
352000	18692.326530612245
412012	18690.661157024795
533031	18597.8002528445
372000	18582.071129707114
412000	18577.83042394015
372010	18571.234309623433
399000	18560.6
352014	18552.990777338604
393012	18544.48979591837
537061	18533.39491916859
536031	18514.755480607084
393021	18512.093023255813
412021	18499.61222091657
393010	18499.14285714286
395010	18477.466666666667
372011	18457.776793622674
370000	18457.08480565371
359099	18403.01775147929
399032	18386.684210526317
399021	18323.551020408162
393093	18308.333333333332
537064	18286.01607347876
352015	18230.625
395012	18172.296296296296
412031	18155.9437751004
434081	18153.75182481752
396011	18136.523605150214
516040	18132.068965517243
536021	18092.74111675127
516021	18063.794326241135
390000	18058.167028199565
516011	18049.14364640884
392021	18022.765647743814
395093	17966.470588235294
359000	17961.29943502825
352021	17871.13253012048
372012	17839.657210401892
412010	17829.081967213115
353041	17817.170658682633
350000	17801.457233368532
399011	17789.63730569948
339092	17786.136820925552
353000	17704.05737704918
412011	17698.119122257052
353020	17694.594594594593
393011	17679.333333333332
353011	17648.844566712516
353022	17633.945666235446
359011	17593.28729281768
393031	17586.927083333332
359021	17584.672544080604
393091	17573.491827637445
353021	17545.1821386604
352011	17526.10248447205
393090	17524.57627118644
359031	17517.001414427155
353031	17511.38064516129
393000	17434.173228346455
272031	
272040	
272011	
272042	
272099	
