291062	172818.1530343008
291069	167636.32958801498
291060	166835.06666666668
291066	166802.5
291063	165321.62162162163
291151	161448.15261044176
291064	158729.6
291065	157528.6224489796
291061	155257.5
291029	150541.7142857143
111011	149921.52970922884
291067	147600.0
291021	147500.26548672566
231010	137430.1185770751
231000	136205.0980392157
291023	134022.63157894736
291020	132991.45454545456
291022	127893.07692307692
119041	125714.17015341701
291051	122900.36241610738
291081	122591.86991869919
291024	121695.0
172171	116297.77777777778
113021	115679.15217391304
192010	115328.64406779662
113111	113446.93333333333
112021	112769.04458598726
119121	112311.66189111747
192012	111408.54545454546
112020	111366.17117117117
532021	111265.37037037036
532011	111031.11111111111
112000	109986.13686534217
251112	109357.5
151111	108772.16374269006
112022	106688.84381338743
113031	106590.48913043478
192011	106349.70588235294
111000	106064.96981891348
172161	105846.86274509804
291041	104596.06349206349
231011	104517.49408983451
231023	104439.85849056604
172011	103767.56756756757
113061	102802.47838616715
112031	101901.54004106777
113131	101763.36384439359
291161	101755.36
113000	101062.95546558705
172061	100927.8021978022
291071	100023.93177737882
291171	99341.92082111437
113121	99237.04209328783
152021	97123.22033898305
251063	96619.92424242424
152011	96393.05732484076
113051	95480.68883610451
192032	95338.33333333333
172121	95132.2972972973
119000	94878.90557939914
151133	94700.77544426495
251032	94369.66887417219
193011	94072.34636871508
419031	94055.50970873787
172041	93823.68794326241
172151	93238.13725490196
151143	93089.59292035399
111021	92871.91433566433
112011	92838.65671641791
193039	92737.41379310345
110000	91997.12793733682
172072	91967.5
119111	91747.38680465717
193094	91379.46428571429
172070	91121.86363636363
119199	91054.60038986355
192099	90609.8275862069
192021	89876.38461538461
251070	89586.6
231021	89438.32167832168
119033	88461.93925233645
119032	88415.11111111111
172071	88374.35820895522
151132	88202.8198757764
291131	88192.32876712328
172199	88126.69902912622
251030	87993.18181818182
532010	87896.75675675676
251071	87884.40476190476
172131	86912.14765100672
518011	86910.0
193032	86264.11764705883
251043	86034.51612903226
119021	85989.81794538362
151122	85935.03157894737
113071	85900.64231738035
251041	85882.5352112676
172000	85445.89333333333
251051	84786.73469387754
191040	84767.2602739726
251054	84212.84722222222
291123	83725.56187766715
172111	83331.27877237851
151120	83216.43478260869
113011	83133.33964049196
172081	82899.45238095238
192042	82589.77011494253
172110	82577.42474916388
172031	82487.24324324324
251061	82265.0
151130	82237.27493917276
532000	81825.67796610169
172112	81691.75155279503
291124	81673.50785340313
271011	81297.78156996587
251050	81277.0
518012	81276.99300699301
192043	81221.50442477876
251053	81087.63888888889
132052	80790.5364806867
171010	80457.93814432989
192000	80301.94736842105
172141	80237.43155149935
172051	79908.49315068492
251040	79827.4074074074
193000	79739.48717948717
291122	79431.85064935064
532012	79129.0350877193
251065	78779.71830985915
151121	78626.82339449541
193041	78486.11940298507
191042	78342.08333333333
192040	78143.27586206897
191021	78006.11464968153
152041	77827.58503401361
331012	77803.3676975945
291000	77692.02643171806
251064	77683.9705882353
291181	77575.9900990099
251031	77575.67164179105
151141	77452.40909090909
151140	77277.79043280182
119030	77273.88888888889
191099	77142.74193548386
119039	76704.67261904762
152000	76630.89622641509
230000	76599.55703211518
251011	76578.17567567568
132050	76297.57097791797
251052	76270.41884816754
251021	76199.29752066116
132061	76067.04980842912
171011	76035.62005277045
474021	75518.515625
119061	75503.6559139785
292033	75318.54077253219
119161	75098.64583333333
192030	75007.05035971223
151199	74923.14578005116
152031	74797.36383442266
131111	74650.53995680346
251042	74404.01433691756
172021	74333.50877192983
132051	74296.92524682652
193030	74013.68421052632
151131	73791.90656565657
251067	73624.73053892216
414011	72921.08516483517
299092	72756.85393258427
492095	72737.66355140187
251062	72685.16853932584
191041	72663.55932203389
331010	72510.0
170000	72421.89241114313
251066	72214.74789915966
191029	72010.7299270073
251125	71873.87755102041
291127	71631.61392405063
151142	71624.74903474904
132031	71607.02407002189
518013	71469.57894736843
119131	71388.96265560166
191020	71286.59340659341
193099	71255.4958677686
535031	71233.02631578948
171000	71203.74045801527
192031	70824.0
194051	70661.42857142857
251060	70495.45454545454
151100	70147.52118644067
331021	70006.16113744075
291011	69738.0350877193
292021	69731.9881305638
518010	69696.57534246576
191000	69692.01298701299
251020	69625.0
411012	69612.20105820106
291199	69435.73643410853
291120	69335.65217391304
231020	69254.3396226415
251192	69155.45454545454
131081	68746.22562674095
193031	68660.54844606947
152099	68659.80392156863
251072	68623.54632587859
292032	68613.48195329087
499051	68540.94674556213
193090	68504.3661971831
536051	68319.10891089108
150000	68291.3339301701
333021	68258.32976445396
299011	68120.14666666667
119071	68085.69230769231
251126	68006.4480874317
292035	67704.12698412698
193092	67647.77777777778
251069	67488.16326530612
333052	67134.41176470589
251022	67114.9647887324
251000	67095.25252525252
251082	67067.2463768116
132000	67025.43788187373
193051	66903.2923076923
119013	66549.38596491228
192041	66454.36
191022	66344.95098039215
273042	66061.59353348729
535021	65609.70149253731
291141	65531.46428571428
251113	65483.53448275862
518092	65117.8125
191011	65013.13432835821
171012	64986.6985645933
299010	64857.11920529801
274099	64669.29648241206
292091	64643.39743589744
271010	64574.333333333336
231022	64329.92753623189
173021	64192.47422680412
251110	64139.61538461538
251122	63990.44117647059
132053	63963.66197183099
251121	63875.437956204376
132099	63865.730337078654
171021	63746.52849740932
132041	63632.75555555556
251124	63520.43715846995
411010	63452.94403892944
132011	63434.375
131032	63258.359375
535020	63096.125
491011	63065.39667896679
532020	63016.59574468085
273040	62927.24409448819
499097	62920.71428571428
191012	62797.62626262626
131031	62481.14180478821
191031	62461.58273381295
251080	62417.03703703704
131199	62394.40036900369
251081	62348.9138576779
119151	62251.97976878613
419020	62239.611650485436
471011	62104.34927697442
518093	62084.77611940299
271021	62059.54285714286
191030	61980.8064516129
193091	61925.230769230766
472072	61682.769230769234
299000	61554.93865030675
131041	61529.685204617
191023	61447.32456140351
251123	61387.04861111111
472011	61372.89617486339
331011	61155.27972027972
171020	60988.5393258427
332021	60962.294117647056
132072	60951.71511627907
191010	60900.51282051282
191013	60885.13392857143
292030	60754.805194805194
251111	60500.89743589744
492091	60403.31081081081
259031	60398.97280966768
290000	60382.6213592233
173023	60201.15625
131011	60198.51063829787
130000	60110.3046127067
131000	60105.95573440644
131051	60017.695035460994
131075	60004.897025171624
291129	59979.05325443787
414010	59929.52506596306
131141	59900.43338683788
271014	59838.916666666664
190000	59791.68410041841
292011	59606.820512820515
151134	59422.10447761194
131070	59420.21276595745
173012	59387.42160278746
534011	59358.125
273021	59246.96428571428
251120	59213.78378378379
252023	59212.53846153846
251199	59166.113360323885
173029	59047.370441458734
191032	59010.77844311377
475061	58925.65217391304
419021	58906.666666666664
152090	58902.1875
272010	58895.772357723574
251193	58887.9746835443
131020	58885.91111111111
131030	58796.51376146789
413031	58725.357142857145
131023	58424.01129943503
171022	58086.22641509434
332020	58009.73684210526
518021	57887.730673316706
271022	57873.08943089431
312011	57848.03921568627
151152	57716.73543689321
511011	57715.44477028348
131021	57452.184873949576
534041	57433.2
534012	57362.857142857145
291126	57149.42056074766
194092	57121.85628742515
232000	57113.28125
518000	56948.0686695279
493011	56925.19801980198
119141	56839.3665158371
435050	56790.0
193093	56738.354430379746
252032	56696.014150943396
272012	56634.0243902439
331000	56470.16129032258
291031	56380.61261261261
537071	56379.1935483871
273000	56361.34210526316
537111	56360.95238095238
131161	56347.43961352657
252059	56222.42290748899
333031	56113.28571428572
173020	56108.592057761736
534031	56039.83050847457
499069	56027.48898678414
131071	56027.176258992804
252054	55982.02247191011
211029	55965.086848635234
252053	55840.55944055944
292034	55800.94081942337
132070	55798.85964912281
492093	55787.4375
273043	55726.01092896175
534021	55687.627118644064
492094	55622.50871080139
252031	55577.35877862595
131151	55554.10837438424
499050	55537.619047619046
474011	55411.707746478874
173024	55270.659898477155
252022	55017.03099510603
518091	54937.93548387097
435053	54931.781818181815
414012	54921.09467455621
531031	54880.80829015544
252050	54818.78787878788
312021	54818.51398601398
173000	54722.403846153844
232091	54525.443037974685
518090	54477.45614035088
254012	54305.77540106952
333050	54301.086956521736
194041	54243.68421052631
333051	54217.448377581124
252052	54188.34196891192
252021	54068.94578313253
435052	54002.76827371695
173010	53975.99099099099
271019	53915.901639344265
413000	53915.57692307692
535000	53804.23529411765
254021	53729.293948126804
518099	53715.81497797357
273031	53678.39677047289
292031	53629.2
232090	53593.93939393939
193022	53549.04761904762
173027	53538.77108433735
232099	53511.09634551495
492022	53502.093373493975
472150	53338.34146341463
475012	53292.36363636364
472111	53242.687038988406
499012	53178.651960784315
271029	53059.48863636364
475031	52859.0
173013	52840.8560311284
492020	52832.20338983051
251190	52788.717948717946
132081	52741.267123287675
252051	52578.818181818184
534099	52529.0
173026	52464.88843813387
273041	52420.54054054054
254011	52381.64179104478
395091	52336.36363636364
499044	52322.87598944591
131022	52288.52255054432
131131	52274.166666666664
211012	52259.2955801105
492021	52181.28078817734
531000	52166.33004926109
254000	52082.71317829457
119081	52065.48648648649
431011	52028.68995633188
499081	52018.29787234042
499092	51864.88372093023
252030	51793.541666666664
272021	51781.46341463415
492090	51743.10861423221
472082	51720.0
472221	51697.90884718499
537021	51639.20987654321
252012	51622.35294117647
472171	51498.730158730155
254010	51445.06329113924
211022	51432.796992481206
499052	51394.59584295612
514061	51389.17355371901
475010	51377.44680851064
532022	51356.6129032258
312010	51251.475409836065
472152	51190.881642512075
537041	51083.14606741573
119051	51080.60975609756
274030	51069.78723404255
211091	51031.767151767155
534010	50969.230769230766
132021	50881.50224215247
436011	50878.35409252669
537033	50807.77777777778
474061	50710.96385542169
151150	50555.48888888889
435051	50450.260416666664
534013	50428.53658536585
299099	50394.59940652819
274032	50287.95698924731
475040	50277.916666666664
173019	50236.93661971831
332000	50182.76315789474
251194	50170.39014373717
514060	50136.61016949153
492000	50058.6858974359
333000	50053.85964912281
394031	50043.85964912281
173025	49817.59493670886
499060	49814.903225806454
272041	49740.0
499041	49721.30925507901
514111	49703.52534562212
173022	49674.947589098534
514012	49647.24252491695
517030	49639.61538461538
252020	49597.25
493043	49571.142857142855
211020	49518.264462809915
299012	49478.16155988858
413099	49383.98849472675
339021	49309.628099173555
472021	49288.199513381995
532031	49262.112676056335
291128	49253.17880794702
173011	49196.911487758945
475099	49170.416666666664
472132	49163.90625
231012	49133.557692307695
271025	49125.74780058651
271027	49119.48717948718
259021	49059.36363636364
271000	48909.28571428572
299090	48895.53719008264
475013	48882.69938650307
475042	48841.86046511628
534000	48835.813953488374
536011	48766.153846153844
211092	48696.02040816326
331099	48631.26142595978
211013	48489.96062992126
499010	48401.818181818184
472020	48383.90625
274031	48326.118721461185
292092	48324.13223140496
253011	48269.0052356021
292010	48129.60396039604
472000	48123.27127659575
531011	48070.220588235294
493042	48068.68965517241
292054	48038.53503184713
475041	47927.164179104475
232011	47885.0
274014	47844.49438202247
271020	47771.174863387976
499040	47762.51655629139
434011	47675.03759398496
413021	47635.293209876545
194090	47553.55
439111	47463.719806763285
194000	47431.02880658436
259011	47420.92592592593
537073	47419.56043956044
475021	47418.97777777778
272032	47412.875
475049	47317.083333333336
475011	47305.73529411765
531021	47266.709677419356
272000	47190.903225806454
472211	47183.57766143107
152091	47162.307692307695
271013	47096.32432432433
292090	47079.183673469386
499096	47075.17857142857
312000	47066.71232876712
537070	46975.3125
132080	46964.857142857145
211010	46964.4
493040	46802.22797927461
291125	46760.76628352491
499062	46732.06703910614
250000	46633.618721461185
451011	46592.21864951769
419022	46553.1619047619
194099	46480.50847457627
512011	46324.56140350877
274000	46258.59223300971
212000	46194.137931034486
151151	46137.90740740741
475000	46129.795918367345
273090	46095.82822085889
536041	46060.80808080808
472073	46053.59452736318
212011	45992.0918367347
499021	45925.23529411765
312020	45850.57142857143
194031	45844.096638655465
518031	45834.588068181816
419000	45742.336956521736
299091	45726.03278688525
211000	45608.59756097561
517032	45585.71428571428
517031	45573.913043478264
194091	45316.95530726257
119031	45287.56032171582
435061	45281.15718418515
472070	45208.922155688626
514062	45206.969696969696
499045	45173.95348837209
371012	45157.62870514821
232093	45134.504249291786
493000	45111.85294117647
472161	44976.857142857145
131121	44975.74918566775
274010	44954.135802469136
537072	44923.68794326241
474000	44810.471204188485
470000	44770.0
273099	44735.76763485477
519011	44697.023411371236
132071	44473.264604811
332022	44418.57142857143
332011	44417.86195286195
212021	44295.56650246305
333010	44285.65217391304
371010	44151.908713692945
472053	44037.8125
292055	43968.538011695906
273091	43947.96747967479
493031	43938.94495412844
211019	43926.836363636365
499043	43860.464135021095
271024	43855.253456221195
194061	43796.720430107525
452011	43793.90374331551
472121	43772.89198606272
492098	43706.50837988827
537031	43665.40540540541
252000	43639.79381443299
211014	43566.83760683761
537032	43471.33611691023
472050	43322.53333333333
173031	43207.45575221239
351011	43204.416
439031	43178.0
292061	43160.05215123859
273020	43154.489795918365
391011	43073.555555555555
270000	43063.489439853074
514192	43021.583333333336
472140	43014.75675675676
333012	42846.600441501105
413011	42806.57422512235
394000	42802.5
514041	42793.27114427861
211023	42758.170055452865
472031	42752.317351598176
537030	42688.83495145631
490000	42633.614982578394
472231	42612.97297297297
211021	42562.752808988764
499094	42547.951807228914
493020	42524.311111111114
259000	42394.38356164384
514120	42315.67796610169
472022	42304.36507936508
259099	42271.398104265405
472044	42193.61216730038
210000	42114.83596597813
472151	42064.63343108504
519122	41973.3025404157
432099	41825.53846153846
435011	41758.90625
492092	41738.242677824266
472042	41699.791666666664
514000	41645.254237288136
472080	41639.142857142855
253097	41568.07044410414
472081	41558.520547945205
274013	41557.391304347824
211011	41514.644194756554
472040	41402.4
292099	41387.72222222222
211090	41334.836601307186
439011	41284.300411522636
472071	41243.072916666664
394011	41113.21428571428
499000	41075.01014198783
519080	41072.388059701494
516092	41036.23376623377
319011	40999.02147971361
472130	40978.360655737706
474041	40966.44012944984
433051	40953.51992409867
211099	40946.95652173913
519010	40932.7027027027
514121	40893.93192488263
493021	40874.0
512093	40784.545454545456
535022	40740.5
391010	40737.307692307695
436012	40618.45911949685
253000	40606.833333333336
514010	40592.820512820515
254013	40562.738853503186
393092	40522.28571428572
434061	40483.7037037037
391000	40405.47297297297
274011	40376.275862068964
194021	40312.52631578947
472051	40297.88617886179
253090	40270.42016806723
499099	40015.91293833132
514051	39999.67741935484
533032	39973.87589013225
292000	39971.52284263959
454020	39950.666666666664
514035	39912.142857142855
454021	39783.75
475071	39783.279569892475
433061	39723.46784363178
472043	39579.82142857143
493051	39561.55378486056
535011	39549.57317073171
411011	39509.35760171306
512031	39462.20994475138
472041	39449.62441314554
499061	39405.9595959596
433099	39401.230769230766
333011	39362.98780487805
435041	39347.54437869822
351010	39292.072538860106
292012	39288.03305785124
537121	39097.61538461538
514050	39095.25
499011	38778.02469135803
514023	38750.407239819004
519082	38710.0
435030	38674.93710691824
274012	38656.44268774703
472141	38613.94736842105
419090	38580.747330960854
435031	38564.1724137931
493023	38507.25490196078
519141	38460.32258064516
433000	38438.125
514191	38389.27038626609
454029	38371.89189189189
474099	38349.62848297213
515111	38330.9649122807
512041	38321.36929460581
474090	38304.354838709674
434161	38238.65625
339093	38237.76371308017
519081	38209.70198675497
474051	38161.4950166113
519012	38149.92125984252
514011	38129.27125506073
371011	38123.8014527845
194011	38112.425531914894
514034	37996.99248120301
000000	37890.14744145707
373013	37887.01244813278
472181	37849.3762993763
194093	37757.96536796537
419099	37749.142419601834
492097	37738.96860986547
435032	37732.11751662971
493041	37697.17514124294
434199	37639.973718791065
439081	37603.812154696134
454023	37582.98245614035
519061	37575.15560165975
436010	37511.14457831325
330000	37407.06781279847
499031	37379.59752321981
519071	37366.57004830918
514122	37275.21613832853
499071	37176.09649122807
439041	37137.734513274336
433031	37106.427947598255
514032	37101.73684210526
211094	37086.454545454544
493050	36992.434782608696
131074	36988.0
499064	36982.05882352941
454022	36947.5
434041	36937.72602739726
492011	36886.666666666664
333041	36838.030303030304
474071	36837.933333333334
472131	36832.99578059072
514020	36820.550458715596
519051	36792.64
439022	36756.61417322834
292071	36669.804195804194
493092	36666.53846153846
514052	36653.0
499063	36587.15596330275
514190	36570.16
434021	36437.375
514194	36428.83435582822
434131	36413.25281803543
499090	36347.68831168831
413041	36321.70491803279
211015	36306.2752293578
272030	36271.38888888889
514022	36215.96026490066
454000	36206.4406779661
132082	36114.24
273022	36049.877300613494
519023	35996.5593220339
319091	35966.13636363636
391021	35860.450928381964
395090	35818.06451612903
515110	35740.34482758621
292057	35729.53216374269
274021	35720.870712401054
434031	35693.066439523
253021	35651.023391812865
339011	35642.944444444445
519196	35589.12751677852
493052	35525.77272727273
292081	35463.34572490706
475081	35434.31506849315
319094	35394.02654867257
433011	35382.282352941176
533021	35381.25326370757
519120	35322.954545454544
271012	35295.862068965514
493022	35187.164179104475
433021	35110.62381852552
391012	35108.987341772154
319099	35003.60225140713
514199	34940.135746606335
510000	34936.85920577617
519020	34929.666666666664
519021	34867.043269230766
514081	34808.454106280195
399031	34758.704268292684
517000	34728.181818181816
533030	34713.79953379953
512023	34684.39655172414
251191	34630.07042253521
474031	34590.903225806454
435000	34554.34782608696
514071	34539.38461538462
432021	34536.290322580644
452021	34522.380952380954
475051	34503.5
410000	34493.382997370725
434141	34492.242744063326
516091	34359.633027522934
519000	34341.130221130225
515112	34301.6568914956
453000	34233.68421052631
516090	34178.32061068702
514021	34092.31197771588
517011	34059.98065764023
537199	34039.16058394161
472142	34030.22222222222
493053	34019.90740740741
292050	33999.10447761194
439199	33989.617682198324
373012	33866.01973684211
514030	33848.83435582822
272020	33780.379746835446
372021	33722.43309002433
512021	33708.163265306124
512020	33704.86725663717
419012	33667.142857142855
472061	33658.95362663496
537011	33625.55891238671
533000	33608.577680525166
537051	33598.96288209607
436014	33582.301656495205
492096	33561.843971631206
319093	33556.86075949367
514070	33504.01869158878
292053	33491.84905660377
292041	33484.19152276295
373019	33463.28358208955
319000	33411.875
252010	33410.25
430000	33304.66608846487
536099	33276.34241245136
516093	33049.62962962963
453011	33015.625
519121	33005.82608695652
434000	32995.62372188139
519041	32984.82673267327
519197	32980.232558139534
474091	32944.545454545456
499091	32911.846153846156
434151	32899.84184914842
537081	32820.52336448598
319090	32754.23076923077
397012	32684.714285714286
434181	32666.95205479452
514193	32656.96864111498
514033	32652.42053789731
519032	32637.576419213972
514031	32633.962585034013
272022	32628.910256410258
452099	32547.01754385965
436013	32452.28187919463
512091	32368.042328042327
454011	32308.78787878788
292056	32304.126126126128
339031	32299.90099009901
517021	32246.00985221675
473011	32236.75
395094	32153.079584775085
254031	32096.189655172413
434051	32058.107869142354
515113	31966.006097560974
435071	31943.21057601511
519191	31940.514285714286
512022	31877.14893617021
519194	31868.579881656806
434111	31848.75786163522
351012	31834.680337756334
273010	31798.571428571428
439000	31762.10101010101
519083	31687.64150943396
519195	31634.698795180724
111031	31602.204301075268
273011	31522.905405405407
514072	31470.02096436059
533099	31462.5
339000	31373.225
517099	31354.601769911504
536000	31327.114427860695
319097	31312.043399638336
212099	31246.79245283019
439020	31233.67403314917
439071	31220.17777777778
512000	31202.945454545454
395000	31186.736842105263
519193	31185.20325203252
292052	31168.22429906542
339090	31123.387978142076
493090	31104.555555555555
339099	31075.810147299508
530000	31071.79964539007
211093	30964.57104557641
519030	30943.291139240508
519123	30929.92509363296
339030	30876.288659793816
473010	30847.85714285714
513021	30844.02889245586
533020	30830.0
319092	30803.948439620082
435111	30625.0
499095	30571.428571428572
452091	30524.302788844623
519199	30487.854251012144
517040	30369.87012987013
412022	30308.095238095237
519022	30305.882352941175
372019	30180.285714285714
512090	30146.338582677166
473013	30136.09411764706
439061	30096.847161572052
312012	30057.571428571428
533033	30034.39466158246
519192	29983.41772151899
392011	29962.83653846154
273012	29956.101694915254
352013	29775.714285714286
432000	29713.568281938326
439021	29591.45952109464
512092	29515.637065637067
399030	29429.084507042255
513091	29379.69230769231
473019	29346.979591836734
517042	29297.542579075427
517041	29281.95710455764
537000	29221.82222222222
439051	29168.73920552677
519111	29151.80216802168
516052	29115.762711864405
473015	29111.983914209115
519190	29047.01754385965
519151	28987.258687258687
513093	28957.1875
533022	28918.502080443828
252011	28885.46762589928
537063	28874.70066518847
513020	28871.176470588234
516099	28773.229813664595
512099	28736.308345120226
473012	28695.60117302053
272023	28677.425149700597
419010	28670.615384615383
396012	28557.32283464567
473016	28371.153846153848
450000	28349.095541401275
339032	28343.083003952568
395011	28317.974683544304
434071	28236.952141057933
373010	28138.941979522184
516050	28138.333333333332
310000	28130.548112058466
516064	28125.51724137931
513000	28081.743119266055
412020	28017.93859649123
493091	27963.153153153155
513092	27889.652173913044
352019	27864.537815126052
292051	27846.428571428572
396010	27786.813186813186
499098	27773.46106304079
432011	27759.970631424378
516061	27755.0
519031	27697.204301075268
516063	27693.4375
271026	27653.493013972056
516060	27431.44927536232
537060	27428.214285714286
397010	27402.134831460673
434171	27321.171171171172
473014	27312.575757575756
311010	27199.19191919192
435021	27172.719449225475
395010	27170.133333333335
419091	27040.48076923077
452000	26953.224043715847
311013	26951.491228070176
537062	26928.618784530387
433071	26888.859154929578
392000	26762.1
253098	26744.07608695652
452090	26742.32044198895
311015	26610.13888888889
519198	26604.469339622643
516000	26576.186440677968
419011	26521.428571428572
513090	26505.93220338983
499093	26423.076923076922
319095	26325.54858934169
399041	26301.007462686568
516062	26289.714285714286
311014	26289.58791208791
373011	26252.421959095802
435081	26249.47562097516
352010	26244.533333333333
312022	26201.610576923078
339091	26124.825581395347
493093	26115.54054054054
271023	25952.17391304348
452093	25931.450381679388
399000	25903.9
419041	25893.521126760563
397011	25763.343195266272
412000	25675.436408977555
533031	25559.810366624526
319096	25558.521560574947
513023	25546.86170212766
433041	25522.970297029704
352012	25497.728395061727
372000	25413.472803347282
372010	25374.07949790795
394021	25281.795665634676
516042	25251.11111111111
412021	25239.823736780258
516051	25219.70873786408
434121	25185.845588235294
352000	25169.591836734693
513011	25165.89364844904
516031	25124.833333333332
536061	25122.77372262774
513022	25055.975232198143
393019	25053.506493506495
370000	25047.67667844523
513099	25038.354430379746
452041	24849.55
372011	24762.71922054916
259041	24680.295698924732
516041	24617.04081632653
516040	24526.896551724138
533041	24396.352459016394
399099	24378.040345821326
395012	24270.977777777778
533011	24262.331288343557
399032	24113.82894736842
452092	24059.043977055448
412012	23992.479338842975
393021	23890.697674418603
393012	23868.061224489797
393099	23721.259842519685
537061	23672.113163972288
352014	23549.43346508564
412031	23540.592369477912
395092	23362.107279693486
536031	23280.70826306914
390000	23200.032537960953
311011	23040.1656626506
393093	22994.027777777777
537064	22948.541905855338
359099	22490.414201183434
393010	22435.714285714286
412010	22423.081967213115
353000	22227.950819672133
352015	22063.766891891893
392021	22061.688500727803
399021	22045.714285714286
393090	22016.01694915254
353020	21934.864864864863
516011	21929.129834254145
396011	21922.231759656654
536021	21871.852791878173
359000	21855.649717514123
434081	21684.87591240876
516021	21653.652482269503
350000	21581.626187961985
372012	21568.297872340427
352021	21408.614457831325
353041	21371.526946107784
399011	21275.06476683938
393000	21221.023622047243
339092	20966.116700201208
353011	20840.082530949105
412011	20768.25496342738
395093	20486.235294117647
393011	20330.916666666668
353031	20269.393548387096
353022	20241.513583441138
393091	20201.144130757802
393031	20149.322916666668
353021	19968.413631022326
359011	19919.57182320442
359021	19906.27204030227
352011	19905.403726708075
359031	19844.992927864216
272099	
272042	
272040	
272031	
272011	
