0035620	560210.6705882354
3600000	554912.518235294
1200000	498388.33705882344
0035614	408689.71235294116
1700000	364725.52411764703
4200000	354184.29000000004
3900000	329478.7064705883
0016980	285770.5182352941
3700000	264022.6464705882
2600000	263848.41529411764
1300000	263574.0770588235
3400000	251587.99941176473
5100000	239304.08470588236
0016974	232350.67176470588
2500000	224227.09705882357
1800000	190475.89529411768
4700000	184448.71117647062
0037980	181471.14058823534
5500000	180314.50705882354
0071650	179294.1029411765
2400000	174528.72470588234
0012060	167304.80411764706
0033100	163252.22705882348
0019820	130637.93235294118
4500000	130512.13647058823
0071654	129129.42823529411
0100000	126861.67705882352
2100000	124148.08705882356
0900000	117450.05176470589
0012580	97676.77294117646
0035004	94981.77764705883
0045300	89572.12294117647
0035084	88436.94647058823
0047664	88257.33411764706
0016740	84968.74117647059
0036740	83249.53058823528
0038300	82739.61352941176
0033124	81634.05529411764
2800000	78623.96529411765
0033874	78530.12470588236
0017140	77606.81235294118
0018140	76743.44823529413
0017460	76680.94294117647
0026900	75435.37764705883
0037964	70488.3005882353
0034980	69018.71294117648
0033340	66054.00411764707
0022744	62302.8194117647
0019804	59850.452941176474
0047260	59191.91647058824
0043524	56340.447058823534
3300000	54806.46882352941
5400000	54680.80352941176
0040060	54263.46000000001
0073450	53945.57588235294
0027260	53179.253529411755
0031140	52798.52529411765
0039580	52188.384705882345
0032820	51118.28352941177
0077200	50603.80470588236
0048424	50195.23588235294
2300000	50064.37176470587
0015380	48025.95352941176
0015804	47781.41529411765
0024340	47288.45823529411
0040380	46665.221176470586
0071950	46247.02647058823
4400000	45553.95352941176
0013820	45159.33176470588
0010580	43786.94588235294
1000000	43147.311176470575
0029404	41813.721176470586
0031540	39799.20176470588
0048864	38769.65764705882
0019380	37835.605294117646
0024860	37470.50882352941
0020500	36868.571176470585
0028940	36830.01529411765
0017900	36631.91176470588
0010900	36595.4305882353
0078100	36072.68176470588
0075700	35339.94294117647
0024660	35273.4694117647
0025420	34818.54764705882
0010420	34777.089411764704
0016700	34410.42588235294
0045940	34341.61647058823
0045060	34213.41294117647
0079600	34134.663529411766
5000000	33966.68823529412
3900002	32788.93294117647
0073104	32486.81117647059
0045780	32451.971764705882
0026620	31240.903529411764
0011460	31219.969411764705
0020994	31036.417058823536
0030460	30666.158235294115
0035840	30665.187058823532
0023844	30171.881176470586
2600004	30075.014705882353
0074804	30024.558235294116
0049180	29803.72411764706
0027140	29517.57588235294
0042540	29273.461176470588
3900001	28711.507647058825
0029540	28380.729411764703
0015980	28305.495294117645
0029620	28219.810588235297
0016860	28128.22117647059
0076750	27991.46411764706
0037340	27710.191176470587
3700003	27555.00294117647
0037900	27367.448823529412
0012260	27251.96882352941
3700001	26808.973529411767
0023060	26729.40117647059
0049660	26305.57588235294
0020524	26020.739411764705
0029460	26019.67294117647
2800001	25946.792352941175
0015680	25804.85705882353
2300002	25764.250588235296
0075404	25706.03588235294
5500003	25702.505882352943
5500002	25488.471764705882
1800001	25448.070588235292
0049620	25395.527647058825
0039740	25312.899999999994
3600004	25253.631764705882
0024580	24891.497058823526
0076450	24888.74647058823
0072400	24736.263529411764
1800003	24577.316470588237
0033660	24574.15823529412
0045220	24562.11705882353
4200003	24480.135294117645
0042340	24434.47882352941
0011700	24368.97588235294
1700002	24070.46411764706
2100003	24059.025294117648
0074950	24016.287058823527
0019660	23825.70882352941
0076524	23785.520588235293
0040420	23740.417058823532
0015940	23611.555882352943
0033860	23581.015882352942
0016820	23579.201176470586
0012100	23549.169411764706
0076900	23504.831764705883
0040220	23458.403529411764
0037860	23376.195294117642
1300004	23320.27588235294
0021780	23295.98764705882
0044100	23178.642352941177
0025060	23139.555294117643
0023540	23102.779411764706
0072850	23085.567647058826
0028020	23058.118823529414
0041540	23053.96176470588
3600001	22984.224705882352
3900004	22964.520588235293
0070900	22840.677647058823
0022420	22816.295294117648
4200001	22814.997058823526
4200002	22758.953529411763
0014010	22717.871764705884
0034940	22659.56117647059
0043900	22459.38705882353
2100001	22306.037647058823
1700001	22197.666470588232
1800002	22191.07117647059
0074204	22183.952352941174
0043780	22181.34588235294
0011540	22145.065294117645
3600003	22057.85411764706
0046540	22054.587647058823
0027060	21975.878235294116
2100002	21930.09470588235
0072104	21911.57411764706
0038940	21708.53705882353
5400002	21685.35529411765
0025860	21667.555294117643
5500004	21664.295294117648
1300001	21601.948823529412
5000001	21584.03
3300002	21540.296470588237
0021140	21488.220588235294
0026580	21406.887058823526
0022180	21376.54294117647
0016580	21360.249411764704
0048900	21328.757647058825
3900003	21255.410588235292
0016620	21174.819411764707
0078254	21152.91176470588
0013780	21024.108823529412
0025180	21021.18117647059
2800003	21015.493529411764
3300003	20970.396470588235
0034820	20954.21
0021500	20882.04588235294
0018880	20796.799411764707
0028700	20739.966470588235
0078700	20725.945882352942
0100002	20687.212352941177
0017980	20678.856470588238
0036780	20661.73823529412
2600003	20581.504705882355
0073604	20423.54
1700003	20399.662352941177
2600001	20367.980000000003
1300002	19989.148823529413
0029200	19908.02176470588
5100001	19709.684705882355
0046220	19691.619411764703
0073050	19633.65529411765
3700004	19632.526470588233
0044300	19623.286470588235
4700004	19592.940588235295
0031340	19580.520588235293
0047220	19525.786470588235
4700001	19508.889411764707
0075550	19498.48588235294
0074500	19490.03705882353
1700004	19482.50117647059
0027100	19428.859411764704
5000002	19412.283529411765
0047580	19290.325294117647
0031420	19256.15411764706
0040980	19166.08235294118
0012020	19150.19
5100003	19139.029411764706
0020740	19030.683529411763
4700002	18995.787647058823
5100002	18973.988823529413
0076600	18959.61411764706
0028740	18954.75
0022500	18776.91411764706
2500001	18718.299411764703
0900001	18696.019999999997
0035660	18683.77294117647
0012980	18676.067647058826
2100004	18658.04588235294
0074854	18626.62705882353
0024780	18590.149999999998
0039540	18570.00705882353
0048140	18550.248823529415
0043100	18547.631176470586
0029100	18511.21823529412
0034060	18506.402352941175
0013980	18485.46705882353
0036100	18481.294705882352
0020100	18429.835882352938
0027500	18402.051764705884
0100004	18400.331764705883
0023580	18390.339411764708
0014020	18375.129999999997
4700003	18285.428823529415
0017300	18058.306470588235
0049020	17992.738823529413
0027740	17967.537647058823
0014100	17937.35058823529
0070750	17871.75
0037460	17769.458823529414
0022540	17766.575294117647
0016540	17735.46705882353
0024020	17717.388235294115
1200002	17670.379411764705
2400001	17598.63588235294
3300004	17585.331176470587
4500002	17571.156470588237
3700002	17566.532352941176
0014540	17516.105294117646
2800002	17515.860588235293
0034740	17480.606470588238
0019460	17458.99705882353
0045460	17454.510000000002
2500003	17418.010588235295
0028100	17391.11
0019500	17346.749411764704
1200003	17329.343529411763
2300001	17301.866470588233
0029020	17250.045294117648
0021300	17237.176470588234
0048060	17201.68411764706
0074650	17190.791176470586
3600002	17182.234117647058
0048700	17178.853529411765
0021060	17155.452352941178
5100004	17149.744705882356
0025940	17145.321176470585
0018020	17140.289411764705
0025500	17128.70882352941
2600002	17009.837647058823
0048540	17006.732941176473
1300003	16955.43
0019140	16949.420588235294
0020700	16937.635294117645
0030620	16847.701176470586
0033780	16840.908823529408
0036140	16791.447647058823
0030140	16790.072352941177
0010500	16765.592941176466
2800004	16739.86588235294
0033220	16727.675294117646
0027180	16687.141176470588
0011020	16677.842941176466
0044420	16648.788823529412
0035100	16640.748235294115
0019060	16630.24529411765
5400001	16611.39823529412
0027780	16561.99882352941
0100003	16539.808235294116
0016060	16513.951176470586
0013020	16486.242352941175
0015500	16368.798235294114
0044220	16330.488823529411
0012220	16295.125294117648
0034620	16266.41411764706
0031900	16263.771764705882
0042680	16202.017647058823
2500002	16112.036470588235
0015260	16106.522352941176
0040580	16091.693529411767
0019300	16078.324705882354
0040660	16037.012941176468
0019180	15973.278823529412
4500004	15925.330588235294
0025980	15890.609411764704
0020020	15888.840000000002
0036980	15863.594117647057
0033140	15753.261764705883
0100001	15711.863529411765
5500001	15684.048823529409
0025620	15638.75294117647
0022520	15570.39588235294
4400001	15530.943529411767
0013220	15517.207647058825
0017420	15479.545294117648
0048260	15441.407058823532
0039460	15436.469411764705
3300001	15422.491764705881
0037620	15394.564117647058
0023900	15371.554705882352
0046660	15313.231764705883
4500001	15249.224117647058
0011500	15182.374705882352
0024140	14910.995882352941
0027340	14875.088823529411
0026140	14756.036470588235
2500004	14725.184705882351
0034100	14724.972941176471
4500003	14651.312941176471
0044940	14630.507647058825
0045540	14460.87705882353
2400002	14282.97
0023460	14044.998235294117
1200001	13882.534117647057
0042700	13414.939411764708
