291064	145419.86111111112
291067	143320.42735042734
291062	140449.8901098901
291069	140128.70402802102
291151	139188.58267716537
291023	137477.14285714287
291063	135371.89655172414
291066	128293.41666666667
291061	127999.38775510204
291065	126570.04587155963
291022	119964.39024390244
291060	118115.21276595745
291021	114240.47348484848
111011	110262.44071146245
291029	109052.20779220779
291051	108855.18120805369
291024	108618.88888888889
119041	102050.18131101812
231010	95731.1462450593
231000	94537.5294117647
291020	92787.09090909091
113021	91656.42391304347
172171	89453.51851851853
119121	89293.55300859599
192010	89192.37288135593
113111	87126.36666666667
151111	86532.86549707603
532011	86467.25663716815
532021	86377.22222222222
172161	86212.1568627451
291171	85130.17595307918
192012	85022.54545454546
291161	84798.72
291071	83559.9461400359
112021	83407.76081424937
291081	83075.23076923077
172011	82182.48648648648
112020	81097.40990990991
113031	80339.00452488688
291041	80321.57232704402
112000	80080.706401766
172061	79842.89377289377
113061	79773.83285302593
192011	79254.41176470589
113131	77964.1418764302
113121	77326.86006825938
112022	77077.33535967578
112031	76970.20533880903
231023	76141.22641509434
151133	75551.5831987076
172121	75481.48648648648
113000	75438.07692307692
518011	75250.0
152021	74950.84745762713
172041	74947.2695035461
231011	74929.59810874704
119032	74822.23703703703
113051	74469.3942992874
172072	74256.64583333333
172070	73190.27272727272
151143	73040.51327433628
172151	72937.94117647059
193011	72468.88268156424
152011	72410.8280254777
419031	72378.98058252427
111000	71957.10261569417
119111	71793.69032258065
192032	71175.21739130435
172071	71108.71641791044
119000	70879.54935622317
193094	70096.60714285714
291123	69834.39544807965
151132	69500.22360248448
192021	69463.76923076923
172131	69403.79194630873
251032	69262.91390728476
192099	68899.77011494253
291131	68760.1171875
518012	68754.8951048951
251063	68569.4696969697
119199	68260.59454191034
172199	68129.54692556635
251112	67847.85714285714
291124	67633.50785340313
172000	67614.64
231021	67609.23076923077
193039	67179.36781609195
119021	66851.52145643694
119033	66842.03271028037
112011	66629.6119402985
151122	66543.57894736843
113071	66428.4508816121
532010	66170.81081081081
172110	66157.49163879598
172111	66151.50895140665
172112	66037.1552795031
172031	66002.91891891892
192043	65832.65486725664
110000	65510.46997389034
291122	65249.545454545456
151120	65138.02898550725
172081	65054.19047619047
291181	64898.762376237624
171010	64686.0824742268
193032	64664.705882352944
172141	64635.88005215124
331012	64354.6735395189
292033	64348.326180257514
251041	64279.718309859156
111021	64167.5
251030	64164.09090909091
172051	63676.109589041094
119131	63454.35684647303
192042	63175.93869731801
191040	63128.90410958904
113011	63007.994323557235
151130	62795.279805352795
151121	62187.66055045871
251043	62084.51612903226
291000	61976.035242290745
492095	61963.03738317757
251051	61646.93877551021
251070	61622.0
251054	61594.72222222222
172021	61581.929824561405
271011	61578.15699658703
251071	60698.293650793654
152041	60575.0
292021	60550.578635014834
299092	60483.93258426966
251061	60401.54761904762
171011	60231.18733509235
132050	60062.77602523659
151140	59977.038724373575
192040	59894.137931034486
532012	59890.0
192000	59888.94736842105
251050	59857.0
191042	59830.11363636364
532000	59795.93220338983
191041	59489.06779661017
193000	59390.64102564102
191099	59296.04838709677
251053	59124.583333333336
191021	58968.21656050955
119061	58930.645161290326
193041	58915.07462686567
251040	58809.62962962963
132051	58750.67700987306
151141	58638.530303030304
119039	58509.52380952381
251065	58460.35211267605
119161	58387.239583333336
132031	58348.1181619256
152000	58269.24528301887
518013	58179.78947368421
119030	58099.90740740741
132061	58074.942528735635
292032	57925.88110403397
251064	57711.76470588235
192030	57672.446043165466
291127	57622.86392405063
474021	57620.625
331021	57574.336492890994
152031	57422.4183006536
292035	57407.87301587302
193099	57294.42148760331
251052	57171.884816753925
251031	57139.40298507463
151131	57096.33838383838
131111	56965.72354211663
151142	56904.179536679534
194051	56757.857142857145
333052	56744.705882352944
151199	56625.92071611253
191029	56451.970802919706
251042	56119.74910394265
193030	55928.73684210526
193092	55852.22222222222
331010	55725.13513513513
291141	55376.44047619047
171000	55366.3358778626
333021	55153.790149892935
251072	55151.37380191693
499051	55141.420118343194
251021	55085.454545454544
518010	54980.68493150685
251067	54894.13173652695
119071	54860.769230769234
291199	54775.096525096524
535031	54658.68421052631
251125	54646.73469387755
518092	54639.125
131081	54626.92200557103
170000	54618.04995196926
192031	54350.593406593405
193031	54202.44972577696
291120	54164.260869565216
193051	54040.092307692306
251082	53944.49275362319
191020	53723.956043956045
299011	53646.253333333334
251062	53136.40449438202
251066	53051.554621848736
132052	53032.83261802575
191000	52721.68831168831
499097	52712.380952380954
131032	52658.359375
414011	52651.71703296703
331011	52625.244755244756
192041	52474.26
251011	52339.15540540541
193090	52330.84507042253
132000	52320.855397148676
171012	51997.55980861244
273042	51971.73210161663
173021	51860.927835051545
191022	51845.049019607846
151100	51779.40677966102
518093	51430.64676616916
291011	51427.15789473684
171021	51414.92227979274
251192	51392.72727272727
119013	51379.29824561404
230000	51319.06976744186
411012	51264.93121693122
251060	51129.545454545456
536051	50924.75247524752
251126	50616.174863387976
191011	50598.80597014925
251020	50565.0
537111	50550.95238095238
251022	50467.14788732395
150000	50161.307072515665
132011	50062.76408450704
475061	50009.13043478261
534011	49861.25
491011	49776.09778597786
132053	49765.59859154929
191023	49740.52631578947
492091	49730.40540540541
292011	49729.91452991453
292091	49663.782051282054
191032	49636.10778443114
471011	49568.83203559511
291126	49486.11214953271
534012	49415.71428571428
132041	49367.71111111111
299010	49355.29801324503
251069	49290.816326530614
472011	49205.1912568306
535021	49202.935323383084
132099	49183.097913322636
119151	49020.40462427746
191031	48954.388489208635
472072	48904.92307692308
292030	48867.01298701299
191012	48836.21212121212
231020	48821.50943396227
131031	48793.9226519337
332021	48770.94117647059
252023	48763.0
251113	48680.25862068965
534041	48607.6
312011	48571.70868347339
152099	48530.0
191030	48485.16129032258
173023	48393.109375
273040	48240.15748031496
271021	48219.91428571429
537071	48162.903225806454
231022	48118.76811594203
291129	48002.485207100595
193091	47946.230769230766
191013	47843.52678571428
131141	47755.71428571428
251124	47740.27322404372
251122	47730.3431372549
518021	47625.4114713217
333031	47557.57142857143
534031	47401.35593220339
274099	47383.21608040201
191010	47243.07692307692
252032	47202.877358490565
131199	47176.171586715864
171020	47158.31460674157
251121	47078.28467153285
259031	47049.30513595166
251110	47030.769230769234
131041	46880.041972717736
251123	46862.32638888889
173012	46778.29268292683
251111	46627.6282051282
251000	46598.38383838384
292034	46582.610015174505
493011	46448.93564356436
173029	46417.063339731285
271014	46396.0
299000	46388.8036809816
252053	46304.49883449884
131051	46293.42789598109
271010	46273.944444444445
252054	46203.76404494382
534021	46162.20338983051
251081	46111.19850187266
411010	46106.788321167885
131070	46092.59574468085
532020	45908.51063829787
251080	45817.03703703704
291031	45811.15315315315
131030	45782.56880733945
131023	45689.78342749529
535020	45662.375
252031	45641.20610687023
173024	45540.96446700508
131020	45532.84444444445
252022	45427.24306688418
171022	45398.6320754717
131000	45306.07645875251
130000	45278.59007832898
211029	45273.07692307692
194092	45253.89221556886
499069	45224.58149779736
312021	45153.72377622378
492093	45136.25
151152	45111.711165048546
151134	44986.388059701494
492094	44957.89198606272
252052	44881.502590673575
534010	44708.07692307692
333051	44623.06784660767
475031	44583.22222222222
518091	44511.354838709674
131021	44493.94957983193
173020	44431.046931407946
290000	44420.49514563107
511011	44359.745845552294
252021	44355.406626506025
232000	44292.8125
132072	44275.02906976744
518000	44255.23605150214
474011	44114.59507042253
252059	44111.71806167401
193093	44077.9746835443
518099	44024.58149779736
333050	43944.565217391304
251120	43821.89189189189
190000	43757.40585774059
518090	43738.85964912281
131071	43714.86510791367
331000	43621.88172043011
499081	43557.44680851064
173000	43243.557692307695
332020	43241.05263157895
173027	43137.3734939759
272010	43074.79674796748
131075	43031.2356979405
173010	43009.504504504504
251193	42982.3417721519
232091	42836.26582278481
254021	42772.968299711814
499044	42748.73350923483
531031	42668.72538860104
474061	42662.409638554214
499050	42467.02380952381
132070	42433.070175438595
173013	42415.700389105055
252051	42373.36363636364
252012	42330.62283737024
252050	42268.78787878788
173026	42266.206896551725
232099	42251.926910299
131151	42231.35960591133
414010	42215.883905013194
273000	42180.92105263158
131161	42164.32850241546
419020	42156.601941747576
472111	42146.55426765016
475040	42140.833333333336
472150	42094.39024390244
251199	42020.97165991903
499012	41855.78431372549
534013	41828.53658536585
271022	41820.40650406504
131011	41720.95744680851
492090	41664.41947565543
119141	41604.97737556561
537041	41591.23595505618
231012	41572.596153846156
475012	41561.09090909091
272012	41537.14634146341
252030	41499.166666666664
254012	41486.79144385027
472221	41440.268096514745
132081	41438.390410958906
211022	41417.66917293233
537021	41326.0987654321
472171	41306.90476190476
435053	41284.4
273043	41277.13114754098
211092	41217.244897959186
419021	41189.00432900433
534000	41152.32558139535
211012	41121.8093922652
493043	41107.04761904762
492022	41079.87951807229
436011	41039.15480427046
492021	41027.142857142855
413031	40943.80357142857
475041	40922.388059701494
475042	40920.93023255814
152090	40900.3125
475049	40894.583333333336
514061	40855.12396694215
291128	40847.94701986755
431011	40731.20524017467
492020	40674.745762711864
517030	40610.38461538462
232090	40576.59090909091
173022	40559.79035639413
254011	40556.26865671642
119081	40477.40540540541
514012	40464.25249169435
271019	40447.86885245902
194041	40437.10526315789
472082	40427.457627118645
273031	40405.23644752018
131131	40389.166666666664
514111	40316.72811059908
119051	40272.80487804878
173011	40260.15065913371
531000	40245.12315270936
173019	40190.17605633803
536011	40177.692307692305
537033	40124.07407407407
499041	40116.90744920993
534099	40100.666666666664
472152	40004.86714975845
131022	39950.99533437014
499092	39950.232558139534
514060	39904.91525423729
492000	39865.60897435898
273021	39847.142857142855
475099	39751.666666666664
472021	39692.165450121654
333000	39645.087719298244
211013	39642.12598425197
475010	39625.10638297872
532022	39608.87096774193
193022	39596.054421768706
493042	39517.903448275865
499052	39503.37182448037
394031	39442.45614035088
312010	39441.475409836065
499060	39373.096774193546
292031	39333.22857142857
273041	39234.84555984556
252020	39232.5
211091	39228.91891891892
173025	39212.742616033756
151150	39210.044444444444
535000	39184.94117647059
254000	39153.410852713176
299012	39130.473537604455
434011	39112.96992481203
475011	39109.41176470588
472132	39071.71875
292054	39017.452229299364
475013	38997.79141104295
475021	38958.26666666667
132021	38813.43049327354
439111	38744.58937198068
531011	38693.01470588235
414012	38658.07692307692
251194	38622.91581108829
232011	38605.58904109589
435051	38601.979166666664
532031	38542.25352112676
253011	38528.61256544503
339021	38459.8347107438
211020	38380.413223140495
537073	38370.21978021978
413000	38023.221153846156
274030	38012.765957446805
499040	37962.08609271523
251190	37916.41025641026
499096	37880.75892857143
332000	37860.52631578947
472073	37799.98756218905
493040	37776.83937823834
331099	37736.76416819013
472020	37718.75
254010	37650.25316455696
292061	37648.47457627119
499045	37625.11627906977
299091	37606.45901639344
518031	37474.375
259021	37423.181818181816
259011	37416.049382716046
291125	37408.23754789272
472161	37357.885714285716
499010	37329.36363636364
537070	37289.21875
292090	37286.12244897959
512011	37277.36842105263
292055	37271.89083820663
271025	37263.16715542522
472000	37262.367021276594
499021	37151.85882352941
271000	37131.64021164021
517032	37094.28571428572
514062	37080.757575757576
194090	37059.9
271029	37019.88636363636
194000	37017.325102880655
536041	36971.919191919194
499062	36941.3687150838
299099	36905.04451038576
451011	36876.752411575566
435050	36820.0
435052	36794.043545878696
517031	36713.47826086957
531021	36695.76344086022
271020	36680.3825136612
132071	36664.63917525773
292010	36648.71287128713
194099	36629.55508474576
333012	36513.81898454746
475000	36490.71428571428
472211	36479.75567190227
332022	36386.78571428572
274032	36379.354838709674
211010	36345.28
271027	36338.782051282054
472070	36301.077844311374
394000	36219.166666666664
292092	36169.8347107438
194031	36165.58823529412
151151	36136.52777777778
371012	36060.2496099844
274031	36042.46575342466
119031	35943.59249329759
194091	35929.69273743017
272032	35912.0
272041	35894.95412844037
493031	35871.89220183486
232093	35833.96600566572
537031	35785.94594594595
299090	35767.27272727273
537032	35746.638830897704
519011	35670.03344481605
452011	35648.50267379679
493000	35617.117647058825
435061	35507.77242044359
339093	35507.59493670886
152091	35401.92307692308
413021	35359.76851851852
472231	35314.32432432433
211000	35271.58536585366
271013	35259.02702702703
499043	35235.30239099859
492098	35186.59217877095
212000	35176.89655172414
413099	35108.293384467885
211019	35087.6
472050	35050.13333333333
211014	34993.81196581197
212011	34991.22448979592
434061	34988.09523809524
472121	34987.38675958188
514192	34966.916666666664
274014	34908.5393258427
472151	34882.40469208211
131121	34858.322475570036
391011	34839.62962962963
332011	34754.208754208754
273091	34737.750677506774
472053	34668.4375
211021	34528.55337078652
333010	34513.04347826087
474000	34495.07853403141
173031	34483.23008849558
211023	34453.567467652494
371010	34368.00829875519
271024	34366.1866359447
432099	34329.846153846156
252000	34315.56701030928
470000	34312.545454545456
439031	34294.97777777778
273090	34273.926380368095
537072	34254.397163120564
537030	34243.398058252424
514041	34233.73134328358
472140	34186.86486486487
514120	34036.101694915254
472071	34029.140625
194061	34003.11827956989
472031	33943.824200913245
499094	33874.73895582329
472080	33872.0
272021	33811.95121951219
519122	33746.92840646651
211011	33742.808988764045
312000	33699.45205479452
132080	33684.857142857145
351011	33632.8
395091	33567.954545454544
274000	33544.70873786408
512093	33527.27272727273
492092	33509.24686192469
472130	33493.770491803276
472081	33478.27397260274
274010	33465.8024691358
514121	33448.28638497653
433051	33418.34914611006
472022	33403.80952380953
273099	33329.751037344395
436012	33322.625786163524
454029	33282.97297297297
474041	33256.8932038835
472044	33251.67300380228
454021	33197.96875
514051	33195.6129032258
472051	33046.17886178862
292099	33023.46296296296
514000	33020.57627118644
419022	33019.44761904762
272000	33002.32258064516
519080	32975.97014925373
194021	32965.42105263158
212021	32929.65517241379
435011	32849.21875
493020	32812.71111111111
419000	32751.847826086956
533032	32701.963377416072
433061	32671.752837326607
435031	32601.01724137931
312020	32550.571428571428
514010	32481.452991452992
472042	32439.583333333332
211099	32436.10586011342
259099	32396.824644549764
514035	32392.410714285714
439011	32351.50205761317
512031	32269.944751381216
210000	32249.829890643985
535022	32249.0
433099	32247.2
493021	32215.52671755725
474051	32208.23920265781
490000	32201.56794425087
394011	32151.60714285714
333011	32092.19512195122
519010	32044.324324324323
211090	32035.882352941175
499011	32006.41975308642
514023	31942.66968325792
519141	31913.709677419356
516092	31882.727272727272
274013	31882.608695652172
472040	31854.8
475071	31844.032258064515
292012	31837.19008264463
292000	31782.33502538071
259000	31770.821917808218
514050	31758.75
499000	31748.498985801216
514191	31605.064377682404
512041	31573.77593360996
434161	31555.375
373013	31532.697095435684
391000	31486.68918918919
454020	31454.0
391010	31439.23076923077
254013	31411.910828025477
493051	31350.517928286852
514034	31350.225563909775
250000	31341.997716894977
194093	31303.852813852813
514011	31285.78947368421
435041	31284.852071005917
535011	31216.341463414636
472141	31203.25
413011	31123.11582381729
472043	31046.964285714286
435030	31039.119496855346
439041	31038.389380530974
273020	31016.530612244896
499099	31016.058041112454
433000	30898.790322580644
499061	30859.49494949495
454023	30854.736842105263
472181	30797.338877338876
194011	30772.08510638298
270000	30770.716253443527
514122	30764.84149855908
411011	30731.7130620985
274011	30729.74712643678
537121	30718.153846153848
351010	30717.9792746114
519012	30703.727034120733
454022	30680.0
439022	30613.018372703413
434199	30565.900131406044
434041	30554.246575342466
493041	30543.0790960452
434021	30530.1875
514052	30508.88888888889
319091	30474.801136363636
333041	30453.333333333332
519082	30432.102272727272
474099	30377.80185758514
515111	30316.871345029238
474071	30276.4
253097	30273.905053598774
371011	30229.394673123486
472041	30221.737089201877
492097	30120.896860986548
319011	30104.821002386634
519051	30081.36
493092	30076.089743589742
439081	30067.8453038674
292057	30055.02923976608
519081	30054.470198675495
434131	30049.16264090177
514032	30024.894736842107
514022	29930.529801324505
474090	29923.064516129034
211094	29877.340909090908
514020	29874.311926605504
434141	29864.775725593667
433031	29845.781659388645
499031	29757.4613003096
292071	29751.72027972028
435032	29744.60088691796
472131	29708.185654008437
434031	29690.851788756387
514194	29641.53374233129
319094	29627.101769911504
433021	29459.045368620038
493050	29412.0
454000	29411.35593220339
253090	29350.756302521007
475081	29338.835616438355
519023	29262.06779661017
514190	29242.48
433011	29239.4
519061	29220.08298755187
436010	29218.87550200803
493023	29207.727797001153
211015	29197.688073394496
519071	29190.0
492011	29142.0
339011	29126.055555555555
393092	29034.0
419090	29020.391459074734
499063	28980.45871559633
475051	28948.0
292081	28834.014869888477
253000	28795.833333333332
499071	28759.333333333332
519021	28737.47596153846
514071	28734.23076923077
519196	28629.59731543624
493022	28621.492537313432
519120	28619.090909090908
391021	28568.819628647216
512023	28557.80172413793
514081	28503.42995169082
519020	28476.444444444445
533021	28443.994778067885
493052	28372.363636363636
413041	28359.93442622951
419099	28348.989280245023
319099	28313.095684803004
373012	28295.13157894737
452021	28287.14285714286
319093	28273.898734177215
537011	28247.552870090636
515110	28204.597701149425
514199	28166.923076923078
292053	28161.962264150945
499064	28128.529411764706
499090	28072.883116883117
514021	28066.57381615599
292050	28007.985074626864
516091	27995.045871559632
493053	27955.64814814815
517000	27928.939393939392
432021	27916.532258064515
453000	27880.526315789473
537051	27864.01746724891
472142	27851.777777777777
474031	27810.322580645163
533030	27792.680652680654
517011	27784.661508704063
512021	27782.92517006803
372021	27752.311435523116
274012	27746.996047430832
273022	27732.331288343557
492096	27475.390070921985
514030	27467.484662576688
436013	27456.89932885906
516090	27424.73282442748
373019	27406.218905472637
514070	27298.130841121496
514193	27298.01393728223
473011	27279.041666666668
132082	27234.8
519121	27193.06086956522
512020	27176.814159292036
292056	27167.765765765766
391012	27153.92405063291
519197	27131.162790697676
515112	27114.34017595308
519041	27087.5
512091	27080.634920634922
319097	27055.605786618446
339031	27054.257425742573
330000	27013.619866284622
319090	27013.46153846154
435000	27008.7784679089
514031	26961.73469387755
453011	26953.125
436014	26929.686137750654
472061	26925.077288941735
319000	26882.4375
292041	26872.025117739402
533000	26857.72428884026
514033	26842.469437652813
251191	26789.929577464787
519032	26752.816593886462
516093	26746.50205761317
434111	26735.314465408806
439199	26716.821983273596
510000	26665.153429602888
517021	26639.90147783251
537081	26632.560747663552
537199	26620.07299270073
454011	26615.959595959597
397012	26583.285714285714
271012	26550.51724137931
499091	26543.507692307692
395090	26535.967741935485
519000	26534.594594594593
252010	26534.0
319092	26530.32564450475
274021	26505.461741424802
272030	26480.277777777777
519191	26461.542857142857
434151	26451.605839416057
434000	26425.9509202454
000000	26345.836947094536
519194	26293.313609467456
519195	26198.9156626506
519083	26169.19811320755
253021	26145.102339181285
254031	26129.844827586207
512022	26094.425531914894
452099	26086.842105263157
292052	26074.032042723633
536099	26054.474708171205
435071	25906.45892351275
452091	25778.20717131474
430000	25744.11968777103
519193	25738.29268292683
499095	25717.678571428572
514072	25708.364779874213
434051	25704.75685234306
533099	25631.505102040817
517099	25630.265486725664
439020	25561.878453038673
474091	25541.363636363636
515113	25497.98780487805
410000	25390.727432077125
519123	25386.629213483146
512000	25364.327272727274
351012	25352.40048250905
439071	25329.155555555557
434181	25279.178082191782
211093	25249.16890080429
473013	25243.764705882353
493090	25205.444444444445
519030	25129.430379746835
519022	25112.525951557094
372019	25064.428571428572
419012	25058.035714285714
517040	25025.454545454544
513021	24992.10272873194
473010	24972.5
399031	24965.15243902439
435111	24914.504792332267
519192	24854.135021097045
339099	24846.415711947626
339000	24801.85
339090	24787.868852459018
536000	24763.63184079602
312012	24700.214285714286
533020	24681.969696969696
395094	24681.695501730104
439021	24612.12086659065
473015	24593.485254691688
517041	24519.490616621984
439000	24496.80808080808
432000	24491.762114537443
473019	24485.591836734693
517042	24399.975669099756
339030	24398.634020618556
111031	24317.795698924732
512090	24317.44094488189
473016	24314.326923076922
516064	24289.77011494253
513091	24265.48717948718
519199	24239.62213225371
272020	24212.53164556962
513093	24210.26785714286
513020	24204.50980392157
473012	24145.777126099707
512092	24101.673101673103
533022	23962.898751733705
516052	23944.15254237288
439051	23925.59585492228
396012	23905.51181102362
212099	23883.490566037737
519111	23863.739837398374
516061	23833.875
412022	23814.285714285714
516099	23793.478260869564
537063	23756.518847006653
530000	23737.88120567376
493091	23729.54954954955
272022	23702.06730769231
519151	23699.49806949807
395000	23622.42105263158
273010	23606.428571428572
537000	23550.8
311013	23523.42105263158
439061	23511.703056768558
433071	23509.971830985916
273011	23503.47972972973
473014	23488.71212121212
516063	23478.541666666668
533033	23467.588179218303
310000	23443.580998781974
392011	23427.884615384617
131074	23427.0
253098	23419.873188405796
519031	23345.322580645163
499093	23339.615384615383
432011	23300.30837004405
252011	23291.093525179855
512099	23278.953323903817
395011	23272.6582278481
292051	23264.591836734693
519190	23223.654970760235
419010	23185.53846153846
434071	23171.146095717882
516050	23153.444444444445
513000	23123.394495412846
373010	23104.470989761092
419091	23078.365384615383
352013	23040.0
311010	23039.090909090908
352019	23022.731092436974
311015	23003.57638888889
339032	22998.053359683796
311014	22988.090659340658
513092	22905.82608695652
396010	22886.483516483517
450000	22845.745222929938
516060	22808.695652173912
434171	22761.0
435021	22757.177280550775
397010	22667.078651685395
399030	22592.74647887324
499098	22560.395550061803
273012	22556.525423728814
271026	22475.58882235529
412020	22449.824561403508
312022	22387.1875
516062	22374.8
537060	22359.866071428572
272023	22359.40119760479
319095	22336.9592476489
452000	22307.322404371585
419011	22298.03234501348
493093	22292.702702702703
452090	22238.729281767955
513023	22178.191489361703
399041	22168.488805970148
392000	22166.1
537062	22100.395948434623
519198	22093.525943396227
516000	22003.5593220339
513090	21963.22033898305
339091	21954.447674418603
373011	21857.384284176533
271023	21856.565217391304
452041	21847.1
319096	21747.843942505133
452093	21745.928753180662
352012	21740.765432098764
433041	21715.445544554455
352010	21711.955555555556
513099	21694.430379746835
513022	21691.609907120743
419041	21675.613682092557
516051	21599.611650485436
435081	21565.860165593378
397011	21484.437869822486
516042	21416.666666666668
516031	21402.98148148148
394021	21279.41176470588
533011	21141.472392638036
513011	21140.945347119647
536061	21090.36496350365
352000	21076.69387755102
434121	21073.602941176472
412000	21031.197007481296
393019	20967.532467532466
395010	20930.266666666666
372000	20929.769874476988
259041	20919.462365591397
372010	20906.673640167362
516041	20902.448979591838
533041	20817.80054644809
399000	20793.9
452092	20783.518164435947
533031	20743.32490518331
412012	20714.462809917357
412021	20638.742655699178
370000	20630.627208480564
399099	20603.602305475506
372011	20547.466784765278
311011	20473.55421686747
352014	20461.85770750988
395092	20424.367816091955
393099	20407.79527559055
393012	20386.122448979593
537061	20274.018475750578
516040	20245.862068965518
399032	20214.263157894737
536031	20213.00168634064
393021	20201.39534883721
395012	19902.45925925926
537064	19881.446613088403
412031	19867.871485943775
359099	19821.27218934911
399021	19783.673469387755
393093	19779.166666666668
390000	19759.631236442518
393010	19692.85714285714
352015	19639.662162162163
412010	19585.245901639344
359000	19532.881355932204
434081	19469.868613138686
396011	19453.1330472103
536021	19440.02538071066
392021	19414.06113537118
516011	19413.411602209944
516021	19384.468085106382
353000	19315.94262295082
353020	19300.225225225226
372012	19148.392434988178
352021	19109.831325301206
353041	19023.607784431137
350000	19022.397043294615
399011	18996.24352331606
393090	18972.457627118645
395093	18954.117647058825
339092	18918.97384305835
412011	18816.635318704284
393000	18815.66929133858
353011	18685.625859697386
393011	18602.916666666668
353022	18556.028460543337
393031	18507.395833333332
393091	18471.991084695394
353021	18444.33607520564
359011	18433.28729281768
359021	18431.977329974812
353031	18402.645161290322
352011	18375.77639751553
359031	18326.506364922207
272042	
272040	
272099	
272031	
272011	
