291024	205680.0
291151	189642.57142857142
291020	186319.2857142857
291064	185085.0
112020	181092.12598425196
291065	180672.3076923077
111011	180304.48979591837
112000	179995.54744525548
251112	176632.5806451613
112021	176541.04247104248
119041	175132.2262118492
113111	174195.36697247706
291021	173880.84507042254
112022	172511.5
291081	171042.5641025641
231010	170221.90476190476
291022	170010.0
231000	169399.31818181818
192012	169330.30534351146
113021	169160.52989130435
113031	169011.45892351275
111000	168776.54135338345
172171	168036.0
111021	167553.66614664588
291062	167537.0
113000	166875.53658536586
291029	166549.375
291023	166010.0
110000	165967.39229024944
291066	165033.63636363635
152011	164641.52777777778
112031	163443.96739130435
113131	162461.29533678756
192011	162247.64705882352
251030	160664.0909090909
251063	160435.36082474227
113061	160123.63636363635
192010	160043.09523809524
251032	159866.84931506848
112011	158934.16058394162
113121	157282.4115334207
119033	156856.92913385827
119000	156765.2606635071
119121	156526.33744855967
151111	155953.20754716982
291041	155545.02262443438
532021	155339.44444444444
113051	154441.15815691158
291051	153449.17006802722
251050	153206.31578947368
231011	152913.0536130536
251051	151296.77083333334
231023	150376.63157894736
291063	150338.33333333334
172011	150082.41758241758
193032	149358.18181818182
192032	149321.73913043478
193011	148985.98765432098
119111	148980.3034682081
231021	148732.48226950355
172161	148358.91089108912
119199	148199.05759162304
419031	148113.33333333334
251060	147380.45454545456
172061	147268.24626865672
291069	146782.0
251061	146289.04761904763
152021	145984.40677966102
251053	145429.86111111112
230000	144824.22535211267
193094	144707.5
251040	144610.5
251054	144181.60583941606
119021	142627.76422764227
132052	142303.9790575916
191040	142205.30303030304
172151	141324.693877551
172121	141310.13888888888
251043	141268.66666666666
172041	141203.05454545454
532000	140664.2372881356
413031	140462.76960784313
113071	140415.0385604113
113011	140139.36538461538
251065	139992.86821705426
191021	139925.13513513515
532011	139904.93333333332
251011	139750.70895522388
251041	139744.57142857142
151133	139613.56097560975
291161	139002.33870967742
291071	138939.92727272728
151143	138618.9107142857
532010	138519.8058252427
273021	138008.8679245283
251020	137228.18181818182
251062	137100.45977011495
291131	137026.989010989
271011	136517.80918727914
172070	136017.53424657535
191042	135840.04132231406
414011	135698.1507823613
251021	135433.13559322033
192099	135334.91329479768
251052	134997.28260869565
251031	134505.8064516129
172072	134457.4267782427
291171	134268.03303303305
119030	134134.2718446602
152099	133716.66666666666
192021	133142.15384615384
251110	133113.47826086957
172199	133012.33278955956
251064	132937.64705882352
151132	132515.850931677
172000	132223.72282608695
192000	131269.07514450868
172071	131255.65217391305
172131	131171.10738255034
132061	130784.50980392157
193000	130694.32432432432
151122	130556.59619450317
532012	130536.69616519174
191099	129663.0081300813
251066	129095.21186440678
251042	128246.05363984674
119061	128057.55813953489
151130	127493.89294403893
192042	127285.3112033195
411012	127279.7616468039
131111	127254.86696230598
172031	127112.21621621621
231020	126395.96153846153
151120	126121.33333333333
172111	125904.80818414323
172081	125780.45454545454
251071	125404.4099378882
193041	125214.17910447762
172110	124970.53691275168
251067	124953.01204819277
119161	124938.22916666667
119039	124824.6686746988
192030	124594.13043478261
171010	124177.01030927835
152000	124070.90047393365
193039	123878.17073170732
192040	123777.66355140187
291000	123680.38461538461
172141	122845.49277266754
251069	122497.6530612245
172051	122164.95856353591
131011	121864.10256410256
152090	121797.5
132050	121673.82352941176
191020	121600.79545454546
193030	121530.0
172112	121483.3499377335
151140	121380.95671981777
251125	121372.1649484536
191000	120965.4054054054
291011	120855.75187969925
152041	120248.46416382253
151141	119995.37878787878
251126	119928.9502762431
132051	119897.06140350878
419021	119536.9696969697
171011	119441.70212765958
151121	119239.63218390805
251022	119228.66197183098
170000	119105.89371980676
290000	118793.52306182531
152031	118293.81263616557
132072	118159.79532163743
119032	118104.45925925925
291124	118004.52631578948
414010	117373.53723404255
193090	117122.95774647887
151199	116588.20971867007
119071	116542.76923076923
272010	116391.98198198198
419020	116344.74747474748
192031	116264.20704845815
151100	116256.15711252653
291123	116226.81948424068
192043	116098.49557522124
518011	115874.0
251120	115668.91891891892
411010	114969.12718204489
251113	114943.70689655172
251192	114942.95454545454
191011	114199.69230769231
171000	114180.30534351146
119013	113686.25
151131	113676.48101265823
150000	113459.61434977579
172021	113435.61403508772
191022	113332.95566502464
191041	113045.0
331010	112896.75675675676
231022	112663.06569343066
132041	112459.64285714286
535031	112343.02631578948
251000	112339.15662650602
251124	112106.15384615384
251070	112097.30769230769
271010	112071.80790960453
291199	112003.50806451614
251080	111786.8
291122	111768.24104234528
132000	111301.72839506173
532020	110954.25531914894
414012	110377.87908820614
536051	110283.21782178218
151142	109207.85714285714
271022	109101.05691056911
331012	109050.46793760832
535021	108955.27638190954
119141	108669.48757763975
251121	108640.8455882353
333021	108272.37687366168
535020	108261.375
251122	108059.55445544554
193031	107846.70932358319
291127	107801.53724247226
193099	107625.43568464731
291181	107454.42786069652
132053	107422.25352112677
251081	107123.51145038167
191029	107035.65693430656
251123	106783.36805555556
395091	106449.09090909091
413000	106318.41075794621
131081	106237.40585774058
190000	106177.08245243129
518012	105930.97902097902
191010	105804.48717948717
191012	105796.9696969697
413021	105773.1653543307
132011	105674.90299823633
192041	105603.18
272012	105250.91836734694
132031	105172.53829321662
132099	104823.08064516129
251082	104317.2463768116
131199	104253.41035120148
291120	104032.74336283185
251072	104012.5080385852
474021	103315.9375
132070	103150.44642857143
130000	103088.24300699301
131000	102880.82661290323
274099	102793.26633165829
251199	102709.54545454546
131075	102399.01601830663
251193	101997.97468354431
299092	101505.16853932584
171012	101330.14354066986
272000	101320.33783783784
273040	101172.57936507936
292091	101086.55844155845
535000	100931.29411764706
299011	100912.84379172229
191013	100877.93721973094
299010	100813.17880794701
119151	100788.5528219971
194051	100529.64285714286
131161	99941.5667311412
272021	99544.12698412698
151134	99518.25373134328
251111	99475.06410256411
518010	99364.79452054795
271021	99193.77142857143
273042	99054.20323325635
413099	98623.62235067437
193051	98185.29595015576
232090	98175.90909090909
331021	98038.82494004795
292033	97947.85407725321
299000	97943.00613496933
131041	97440.9129066107
273000	97273.94736842105
251190	97240.76923076923
271014	97182.58333333333
518013	96687.78947368421
131051	96439.63313609468
191030	96351.29032258065
131070	96346.06382978724
193091	96194.92307692308
491011	96089.0959409594
471011	95861.09010011124
271029	95695.79545454546
274032	95211.69398907103
273043	95126.57381615599
131021	95013.45991561182
191031	94935.14388489208
131020	94707.06666666667
171021	94506.0103626943
291060	94425.0
131141	94402.48796147673
193092	94352.22222222222
171020	94173.82022471911
173021	94106.49484536082
193022	94102.58503401361
492095	93475.70093457944
333052	93390.58823529411
273031	93365.8708189158
419022	93182.99806576403
534012	93097.14285714286
191023	93039.16666666667
131030	92783.76146788991
232099	92540.96666666666
291129	92520.94674556213
511011	92389.89247311828
274014	92334.55056179775
299099	92280.80118694362
232000	92132.55208333333
151152	91768.77128953772
272041	91755.69444444444
274030	91596.70212765958
132080	91527.71428571429
259031	91522.4810892587
273041	91490.28957528957
131151	91429.88177339901
292032	91396.94267515924
131023	91389.05838041431
131032	91325.9375
194041	91190.19736842105
254010	91168.35443037975
331000	91148.27956989247
131031	91106.90607734806
152091	90981.53846153847
131071	90927.81474820143
193093	90887.97468354431
171022	90465.09433962264
131074	90145.0
291141	90059.11904761905
499051	89761.91321499014
173012	89636.72473867596
419000	89408.87362637362
131022	89182.13728549142
252050	89045.60606060606
119081	88987.82016348773
254012	88790.48128342246
472072	88752.92307692308
292035	88732.69841269842
132081	88457.87671232877
292021	88369.59940652818
292030	88275.84415584416
273020	88128.57142857143
119131	87734.56431535269
299090	87513.96694214876
332021	87201.29411764706
271019	87120.90163934426
332020	87005.52631578948
173029	86947.73512476007
518092	86734.3125
499092	86570.46511627907
413011	86252.94599018003
252059	85938.81057268723
254000	85695.3488372093
531031	85204.59067357513
132021	85155.35874439462
173023	84717.78125
131131	84647.25
194092	84632.99401197604
119051	84176.65311653116
173020	84147.14801444043
271000	84059.84126984127
271025	83899.73607038123
472011	83762.51366120219
292031	83755.31428571428
272032	83427.75
518000	83366.22317596567
499097	83333.09523809524
000000	83301.71602787456
151150	83186.4
191032	83053.53293413174
518093	83034.82587064676
211091	82892.32848232848
173000	82713.6217948718
270000	82556.54729109275
499050	82549.88095238095
532022	82546.20967741935
431011	82524.01746724891
274000	82472.76699029126
250000	82223.15366972476
475012	82189.27272727272
252023	82172.38461538461
531000	82156.97044334975
273099	82144.6887966805
173010	82055.13513513513
254011	81996.26865671642
331011	81960.24475524476
475010	81934.0425531915
534011	81895.625
274031	81527.88990825688
271027	81429.8717948718
492091	81410.74324324324
474011	81296.74295774648
472150	81130.63414634146
252030	80987.29166666667
251194	80982.3613963039
534099	80445.66666666667
333050	80294.34782608696
292011	80196.78632478633
291031	80173.26714801443
211020	80120.74380165289
173013	80074.47470817121
271020	80036.55737704918
292092	80000.90909090909
272030	79974.16666666667
271013	79923.56756756757
173024	79872.38578680203
232091	79741.59235668789
339021	79699.87603305785
518021	79474.83790523691
254021	79255.60518731989
252020	79196.5
273090	79060.24539877301
173027	79053.51807228915
252054	79003.25842696629
211029	78985.58312655088
274010	78966.97530864198
492020	78774.91525423729
252051	78740.59090909091
499069	78628.4140969163
532031	78505.91549295775
173026	78495.61866125761
493011	78401.4603960396
173025	78345.44303797468
211012	78317.66574585636
394031	78299.71929824562
252053	78293.89277389277
499012	78285.71078431372
472111	78207.51317175975
518090	78168.33333333333
119031	78131.20643431635
299012	78034.26183844011
194090	77973.65
475013	77939.75460122699
472082	77937.96610169491
273010	77744.36363636363
252031	77661.40458015267
410000	77657.70925110132
252032	77566.32075471699
333000	77482.63157894737
212021	77449.50738916257
331099	77368.1718464351
292010	77273.26732673268
212000	77234.25287356322
492094	77052.40418118467
472171	77011.19047619047
252000	76939.17525773196
173019	76928.76760563381
537041	76894.60674157304
332000	76771.18421052632
518091	76723.80645161291
492093	76703.6875
252022	76638.00978792823
492022	76488.40361445783
292034	76406.26707132018
252052	76340.94991364422
472152	76307.05314009661
312011	76225.22471910113
472000	76081.96808510639
259000	76065.54794520549
194000	76014.65020576131
537071	75911.45161290323
252021	75837.8765060241
472020	75785.0
259021	75750.90909090909
211000	75656.70731707317
292090	75528.97959183673
211010	75525.68
475061	75517.82608695653
514061	75463.88429752066
531021	75329.82795698925
436011	75265.08007117438
534031	75251.52542372882
518099	75206.65198237885
492090	75094.19475655431
499060	75078.0
531011	75045.36764705883
492021	75044.53201970443
131121	75039.59283387622
312021	75008.40909090909
211022	74643.32330827067
253090	74634.20168067227
537021	74520.76543209876
333051	74467.341211226
312010	74464.75409836066
472221	74373.86058981234
499010	74370.0
273011	74309.52380952382
291126	74251.3831775701
194099	74128.68644067796
259011	73771.35802469136
395090	73708.87096774194
253097	73693.3282208589
291128	73691.6
212011	73654.48979591837
499081	73568.08510638298
517030	73547.69230769231
499052	73499.72286374134
534021	73452.71186440678
312000	73441.09589041096
492000	73401.31410256411
451011	73364.21221864951
173011	73332.71186440678
534041	73300.0
151151	73279.92592592593
211013	73226.04743083003
333031	73201.71428571429
470000	73192.4976076555
232093	73109.40340909091
474000	73094.76439790576
499062	73072.76536312849
475031	73023.11111111111
252012	72982.02422145329
231012	72938.36538461539
514060	72856.94915254238
514012	72842.92358803986
472080	72754.57142857143
312020	72666.85714285714
472132	72523.80208333333
194061	72452.04301075269
253011	72383.01837270342
499044	72203.74670184696
253000	71988.72222222222
534010	71799.23076923077
499041	71645.37246049661
534013	71573.65853658537
232011	71516.69863013699
419012	71481.78571428571
132071	71457.59450171821
272020	71416.75324675324
475000	71359.08163265306
499096	71353.4375
173022	71301.88679245283
434011	71170.67669172933
273091	71119.13279132791
271024	71052.7995391705
499040	71017.64900662252
475011	70988.5294117647
194091	70969.41340782122
194031	70905.86134453781
332022	70864.28571428571
394000	70864.16666666667
371012	70850.78003120126
537070	70607.65625
472070	70581.85628742515
274012	70581.22529644269
371010	70478.17427385892
537073	70411.42857142857
351011	70248.544
472211	70210.68062827225
419090	70147.33096085409
490000	70075.64459930314
210000	70030.71688942892
475040	70026.25
537031	70005.94594594595
516092	69908.44155844155
435061	69690.90646094503
534000	69612.09302325582
537072	69461.20567375887
259099	69423.45971563981
472050	69406.0
319011	69361.69451073985
333010	69311.73913043478
419099	69101.4088820827
517031	69097.39130434782
472130	69059.5081967213
517032	69054.64285714286
472021	68903.67396593674
537111	68901.90476190476
514111	68895.69124423963
474061	68547.7108433735
512011	68522.28070175438
274011	68462.13793103448
475021	68367.55555555556
493043	68225.33333333333
211090	68213.5294117647
472073	68203.69402985074
132082	68190.02666666667
272022	68049.14516129032
292054	68044.07643312102
493040	67986.0621761658
211019	67888.0
475099	67837.91666666667
211014	67833.23076923077
292099	67771.00185528757
536041	67612.62626262626
493000	67571.29411764706
475049	67569.58333333333
291125	67553.10344827586
439111	67496.08695652174
472040	67402.93333333333
493042	67200.67586206897
537033	67194.07407407407
411011	67165.88865096359
111031	67064.8493150685
393092	66998.28571428571
499021	66928.90588235293
535022	66792.16666666667
299091	66590.22950819672
472140	66526.91891891892
519011	66258.66220735786
472121	66205.78397212544
254013	66149.68152866242
332011	66127.84511784512
173031	65959.40265486726
211023	65957.92975970425
330000	65837.39255014327
211092	65791.76020408163
472031	65691.98630136986
475041	65598.20895522388
519122	65588.26789838338
537030	65533.59223300971
439031	65483.51111111111
472231	65305.67567567567
493020	65254.84444444445
391000	65209.66216216216
273022	65181.503067484664
519080	65181.34328358209
454020	65062.0
274021	64922.58575197889
472161	64915.6
475042	64898.13953488372
518031	64834.09090909091
499000	64654.705882352944
519010	64499.63963963964
435011	64448.75
499043	64337.44022503516
253021	64320.8357771261
211021	64320.08426966292
493021	64301.81679389313
514120	64300.042372881355
472053	64137.5
391010	64110.38461538462
514000	63742.67796610169
472044	63683.8783269962
351010	63679.43005181347
391011	63494.88888888889
472022	63469.60317460317
519082	63456.193181818184
537032	63282.400835073066
492098	63277.150837988826
274013	63259.565217391304
493031	63172.79816513762
211099	63127.126654064275
514010	63042.5641025641
472042	62994.51388888889
499045	62989.06976744186
292000	62871.42131979695
211011	62829.45590994372
474041	62808.22006472492
492092	62736.02510460251
499099	62680.55622732769
499064	62417.64705882353
472041	62335.727699530515
452011	62180.74866310161
514192	62137.75
454021	62104.6875
435052	61984.68118195957
514041	61974.514925373136
536011	61872.46153846154
194021	61820.23684210526
499061	61756.16161616162
519061	61593.53734439834
514062	61456.51515151515
499094	61406.14457831325
352013	61328.57142857143
439011	61319.69135802469
512093	61247.72727272727
472081	61142.356164383564
493023	61125.005767012684
271012	60995.60344827586
519081	60720.26490066225
514121	60685.32863849765
435030	60603.301886792455
537121	60581.38461538462
510000	60563.402527075814
472151	60546.6862170088
394011	60491.96428571428
273012	60235.338983050846
436010	60207.36947791165
435032	60203.72505543237
474090	60055.0
499090	60013.66233766234
211094	60000.02272727273
292055	59970.428849902535
535011	59966.64634146341
432099	59956.769230769234
371011	59900.07263922518
533032	59886.14445574771
435050	59860.0
475071	59818.17204301075
435041	59769.14201183432
472071	59724.765625
519071	59697.43961352657
399031	59597.240853658535
452021	59468.57142857143
472051	59362.14634146341
395000	59314.52631578947
211015	59232.99082568807
474099	59225.41795665635
194011	59057.53191489362
292012	58774.59504132231
433051	58761.9734345351
413041	58543.67213114754
433099	58541.876923076925
514035	58535.49107142857
499071	58342.57894736842
435051	58317.291666666664
433000	58295.625
436012	58177.657232704405
391021	58066.51193633952
512031	57974.80662983425
493051	57892.35059760956
292071	57779.13286713287
519012	57718.08398950131
472131	57693.16455696202
519141	57519.51612903226
472141	57463.72368421053
435053	57330.25454545455
472181	57234.24116424116
212099	57091.32075471698
519000	57086.388206388205
499063	57078.89908256881
454000	56946.779661016946
439081	56928.839779005524
499011	56881.2962962963
194093	56849.52380952381
333011	56637.439024390245
515111	56572.25146198831
499031	56449.84520123839
435000	56437.701863354036
492011	56328.4
492097	56310.85201793722
514051	56176.06451612903
333012	56158.12362030905
472043	55888.03571428572
433031	55833.720524017466
514032	55808.35978835979
493050	55645.82608695652
391012	55488.73417721519
430000	55461.17953165655
292061	55429.80443285528
515110	55413.0459770115
514050	55395.5
392011	55378.221153846156
433061	55216.88524590164
434041	55213.94520547945
516090	55195.725190839694
395094	55164.46366782007
514011	55145.26315789474
512041	55122.09543568465
530000	55116.436170212764
514191	54969.91416309013
514190	54723.28
252010	54709.625
493041	54690.141242937854
272023	54654.55089820359
439041	54385.982300884956
514023	54274.389140271494
514034	54238.42105263158
474071	54212.03333333333
533030	54208.881118881116
434161	54031.4375
434061	53967.83068783069
434199	53939.71090670171
454023	53882.80701754386
519120	53867.22727272727
251191	53855.704225352114
397012	53799.42857142857
452099	53712.28070175439
514194	53626.073619631905
493052	53587.5
439199	53485.232974910396
419010	53468.846153846156
536099	53294.16342412451
474031	53283.67741935484
373013	53270.45643153527
339000	53269.85
339090	53263.00546448088
433011	53181.8
339099	53168.72340425532
533033	53159.36129647283
434131	53152.75362318841
493092	53086.153846153844
519020	53025.27777777778
319000	52986.625
454011	52956.16161616162
519023	52944.745762711864
454022	52930.73529411765
514020	52870.64220183486
399030	52845.56338028169
537199	52822.55474452555
517000	52753.48484848485
514199	52749.864253393665
533000	52730.28446389497
472061	52720.856123662306
514122	52691.72910662824
434000	52472.229038854806
373019	52469.05472636816
512020	52413.80530973451
472142	52299.11111111111
435031	52280.275862068964
514022	52198.60927152318
333041	52166.742424242424
519051	52162.92
515112	52128.63636363636
454029	51995.67567567567
514071	51883.0
434181	51855.51369863014
292081	51771.63568773234
434021	51646.0625
439000	51642.78787878788
514052	51523.88888888889
536000	51508.159203980096
439022	51484.85564304462
519196	51464.29530201342
474051	51452.724252491695
434031	51439.01192504259
292041	51392.857142857145
514030	51349.386503067486
319099	51328.236397748595
434051	51286.816976127324
351012	51277.08082026538
292050	51087.164179104475
339030	51050.154639175256
339011	51012.833333333336
432021	50959.27419354839
519021	50953.99038461538
512023	50888.96551724138
493022	50885.37313432836
292057	50840.20467836257
395010	50812.4
514070	50793.17757009346
412022	50551.319727891154
475081	50488.28767123288
516093	50463.25102880658
514081	50427.608695652176
519199	50083.8056680162
434151	50067.89537712895
372021	50052.141119221415
433021	49807.80718336484
436014	49803.91455972101
493053	49641.75925925926
517011	49638.89748549323
373012	49586.71052631579
319091	49523.338068181816
533021	49494.25587467363
533099	49448.97959183674
512021	49073.60544217687
512000	49073.527272727275
499091	49039.907692307694
319094	48992.765486725664
514021	48965.431754874655
537051	48962.36899563319
519083	48960.61320754717
492096	48756.87943262411
512022	48667.85106382979
514033	48656.112469437656
319090	48631.85897435898
312012	48484.78571428572
519151	48452.43243243243
292053	48368.943396226416
514193	48285.54006968641
519121	48214.36521739131
339093	48094.47257383966
519041	48072.22772277228
435071	47964.49480642115
439061	47957.07423580786
450000	47932.71337579618
252011	47897.25179856115
516091	47892.66055045871
475051	47799.833333333336
515113	47784.26829268293
514072	47768.658280922435
519194	47602.24852071006
537011	47586.16314199396
519190	47574.415204678364
512090	47549.330708661415
517099	47498.93805309734
514031	47482.10884353742
435111	47436.86900958466
254031	47403.620689655174
519193	47354.471544715445
519197	47321.62790697674
434141	47300.316622691294
453011	47265.0
339031	47167.82178217822
517021	47146.30541871921
395011	47145.3164556962
319093	47125.16455696202
537081	47121.92523364486
519191	46994.8
516099	46967.51552795031
453000	46966.31578947369
211093	46890.16085790885
519195	46729.21686746988
512091	46618.4126984127
519032	46598.03493449782
473011	46564.041666666664
493090	46453.555555555555
537000	46412.57777777778
439071	46404.28888888889
439020	46401.96132596685
339032	46392.687747035576
412020	46294.649122807015
533020	46213.93939393939
436013	46029.4899328859
473010	45924.357142857145
519123	45872.43445692884
519030	45576.13924050633
533031	45451.88369152971
512092	45443.848133848136
434111	45331.6037735849
271026	45222.6746506986
517040	45110.51948051948
397010	45082.92134831461
474091	45082.72727272727
292056	45029.00900900901
412000	44782.81795511222
432000	44751.23348017621
499095	44657.857142857145
519192	44637.9746835443
512099	44612.77227722772
519022	44569.79238754325
519111	44547.87262872629
513021	44498.940609951846
373010	44476.27986348123
419091	44197.21153846154
419011	44179.27223719677
399000	43859.15
310000	43813.6419001218
395012	43792.32592592593
513091	43746.92307692308
392000	43559.5
516052	43549.11016949153
412021	43424.47708578144
292052	43398.878504672895
537060	43335.513392857145
452000	43179.83606557377
473019	43163.4693877551
412031	43157.2891566265
434071	43014.168765743074
452091	43000.35856573705
516050	42878.22222222222
439021	42873.89965792475
513000	42843.21100917431
537063	42778.847006651886
372019	42754.5
473013	42543.08235294118
439051	42352.81519861831
537062	42269.19889502762
352019	42248.27731092437
319097	42216.45569620253
517041	42201.23324396783
513020	42152.549019607846
499098	42144.09147095179
435081	42022.529898804045
513093	41922.32142857143
517042	41917.37226277372
319092	41794.192672998644
292051	41770.61224489796
452090	41474.86187845304
419041	41395.734406438634
393019	41317.27272727273
519031	41316.397849462366
513092	41304.97826086957
473015	41001.23324396783
473012	40895.51319648094
396010	40893.73626373626
533022	40704.78502080444
516000	40689.53389830508
536061	40676.05839416059
399032	40480.82894736842
370000	40400.55653710247
373011	40372.18514531755
396012	40363.22834645669
513090	40152.03389830508
352010	40076.57777777778
390000	40023.232104121475
372000	40016.33891213389
432011	39962.0704845815
372010	39903.389121338914
452093	39784.32569974555
397011	39703.96449704142
435021	39460.10327022375
516060	39458.40579710145
399041	39448.899253731346
519198	39336.30896226415
473014	39165.530303030304
434171	39018.31531531532
393021	38830.232558139534
339091	38782.79069767442
312022	38455.216346153844
311010	38352.32323232323
473016	38309.13461538462
516062	38232.171428571426
372011	38218.29937998229
516064	38026.206896551725
319095	38013.26018808778
352000	37927.795918367345
399099	37847.98270893372
516063	37741.145833333336
493093	37715.79391891892
516061	37559.875
513011	37411.87592319055
271023	37391.19565217391
493091	37286.84684684685
311013	37233.333333333336
433041	37218.71287128713
434121	37119.55882352941
393090	37096.86440677966
533041	36802.86885245902
253098	36755.434782608696
516041	36717.551020408166
393010	36632.0
393099	36631.496062992126
311015	36325.868055555555
433071	36262.81690140845
394021	36215.3560371517
393012	36200.30612244898
319096	36139.58932238193
516031	36119.40740740741
352012	36082.87654320987
499093	36061.92307692308
516040	36004.8275862069
513099	35891.308016877636
516042	35621.11111111111
452092	35397.227533460806
516051	35372.1359223301
311014	35290.9478021978
537061	35145.76212471131
533011	35058.58895705522
393000	35011.41732283465
395092	34917.12643678161
513022	34785.94427244582
353011	34776.726272352134
259041	34736.19623655914
350000	34655.46990496304
412012	34563.71900826446
513023	34441.914893617024
536031	34410.202360876894
537064	34401.02181400689
452041	33926.4
393093	33767.17592592593
353000	33324.016393442624
392021	33241.67394468704
412010	33220.0
353031	32912.85161290323
359099	32540.76923076923
352014	32518.247694334652
359000	32411.41242937853
396011	32212.489270386268
393011	32103.416666666668
311011	31368.47891566265
353020	31127.65765765766
536021	30697.81725888325
516011	30639.25414364641
372012	30411.74940898345
353041	30392.230538922155
352021	29850.975903614457
399011	29829.10621761658
352015	29760.692567567567
412011	29366.19644723093
393091	29008.78157503715
434081	28762.569343065694
399021	28721.34693877551
516021	28629.113475177306
339092	27970.543259557344
393031	27836.666666666668
359011	27256.726519337015
353022	26883.182406209573
353021	26406.98002350176
359031	26313.295615275812
395093	26276.58823529412
352011	25311.89440993789
359021	25149.13098236776
291067	
291061	
272099	
272011	
272042	
272031	
272040	
