0000000	88649.9797979798
0010180	71330.0
0010380	46860.0
0010420	81870.0
0010500	70580.0
0010540	73470.0
0010580	95480.0
0010740	88450.0
0010780	66060.0
0010900	84820.0
0011020	68880.0
0011100	75120.0
0011180	87670.0
0011244	108730.0
0011260	104370.0
0011460	106370.0
0011500	62450.0
0011540	76350.0
0011640	44190.0
0011700	68890.0
0012020	77140.0
0012060	98440.0
0012100	90610.0
0012220	72600.0
0012260	79960.0
0012420	98620.0
0012540	91700.0
0012580	104420.0
0012940	79250.0
0012980	80480.0
0013020	79820.0
0013140	86900.0
0013220	67190.0
0013380	84510.0
0013460	80860.0
0013740	76220.0
0013780	80370.0
0013820	83420.0
0013900	80310.0
0013980	77290.0
0014010	97700.0
0014020	77380.0
0014100	80800.0
0014260	78230.0
0014500	120530.0
0014540	67310.0
0014740	88810.0
0015180	64040.0
0015260	78120.0
0015380	83650.0
0015500	67080.0
0015680	127130.0
0015804	95910.0
0015940	71850.0
0015980	70000.0
0016020	65010.0
0016060	72940.0
0016180	82370.0
0016220	78970.0
0016300	86830.0
0016540	72990.0
0016580	82650.0
0016620	75100.0
0016700	80990.0
0016740	94900.0
0016820	95120.0
0016860	75350.0
0016940	79330.0
0016974	102600.0
0016980	101260.0
0017020	85980.0
0017140	88430.0
0017300	67740.0
0017420	64250.0
0017460	85840.0
0017660	68340.0
0017780	77670.0
0017820	95330.0
0017860	79520.0
0017900	77100.0
0017980	77150.0
0018020	72960.0
0018140	90100.0
0018580	80880.0
0018700	96410.0
0018880	80050.0
0019060	75450.0
0019100	97350.0
0019124	100790.0
0019140	66370.0
0019180	74730.0
0019300	60890.0
0019340	80540.0
0019380	87570.0
0019460	79650.0
0019500	76150.0
0019660	64230.0
0019740	106360.0
0019780	88980.0
0019804	97520.0
0019820	97580.0
0020020	65020.0
0020100	76950.0
0020220	68220.0
0020260	77140.0
0020500	113230.0
0020524	98650.0
0020700	73490.0
0020740	72030.0
0020940	84320.0
0020994	91850.0
0021060	73070.0
0021140	68790.0
0021300	77670.0
0021340	70610.0
0021500	70220.0
0021660	78200.0
0021780	74620.0
0021820	96180.0
0022020	78760.0
0022140	77810.0
0022180	75610.0
0022220	82430.0
0022380	78080.0
0022420	78480.0
0022500	76380.0
0022520	63160.0
0022540	76330.0
0022660	91290.0
0022744	83200.0
0022900	60390.0
0023060	73420.0
0023104	85750.0
0023420	86950.0
0023460	60400.0
0023540	85610.0
0023580	71340.0
0023844	77590.0
0023900	69480.0
0024020	75920.0
0024140	61980.0
0024220	75920.0
0024260	64080.0
0024300	78120.0
0024340	77400.0
0024420	71500.0
0024500	68020.0
0024540	78620.0
0024580	74860.0
0024660	76130.0
0024780	76620.0
0024860	75610.0
0025020	48130.0
0025060	75520.0
0025180	80220.0
0025220	63360.0
0025260	85760.0
0025420	84380.0
0025500	68330.0
0025620	62450.0
0025860	63430.0
0025940	66380.0
0025980	77540.0
0026140	67230.0
0026300	61240.0
0026380	79730.0
0026420	101860.0
0026580	71640.0
0026620	111730.0
0026820	84670.0
0026900	84360.0
0026980	81410.0
0027060	106050.0
0027100	87830.0
0027140	75340.0
0027180	64980.0
0027260	80580.0
0027340	63130.0
0027500	77480.0
0027620	69010.0
0027740	71960.0
0027780	70670.0
0027860	62570.0
0027900	63720.0
0027980	76040.0
0028020	79330.0
0028100	79730.0
0028140	90850.0
0028420	101700.0
0028660	73060.0
0028700	71610.0
0028740	81430.0
0028940	77590.0
0029020	76110.0
0029100	72320.0
0029180	67300.0
0029200	75740.0
0029340	71230.0
0029404	104630.0
0029420	65900.0
0029460	69430.0
0029540	75410.0
0029620	84080.0
0029700	71240.0
0029740	81260.0
0029820	79670.0
0029940	79580.0
0030020	67870.0
0030140	70700.0
0030300	70060.0
0030460	77550.0
0030620	72080.0
0030700	77010.0
0030780	77250.0
0030860	71860.0
0030980	72170.0
0031020	79670.0
0031080	108250.0
0031084	108040.0
0031140	77610.0
0031180	73920.0
0031340	74400.0
0031420	71960.0
0031460	84300.0
0031540	92260.0
0031740	74600.0
0031860	73620.0
0031900	66780.0
0032420	40970.0
0032580	64870.0
0032780	78970.0
0032820	76160.0
0032900	83170.0
0033100	84500.0
0033124	85190.0
0033140	69400.0
0033220	77910.0
0033260	98610.0
0033340	88970.0
0033460	101380.0
0033540	71330.0
0033660	75160.0
0033700	84630.0
0033740	65820.0
0033780	78430.0
0033860	73970.0
0033874	103650.0
0034060	77960.0
0034100	59620.0
0034580	81610.0
0034620	71530.0
0034740	68940.0
0034820	64200.0
0034900	102230.0
0034940	76410.0
0034980	81050.0
0035004	111700.0
0035084	116860.0
0035100	75030.0
0035380	78730.0
0035614	125310.0
0035620	121850.0
0035660	82570.0
0035840	73380.0
0036084	123770.0
0036100	64170.0
0036140	76700.0
0036220	79860.0
0036260	78370.0
0036420	81090.0
0036500	86310.0
0036540	82620.0
0036740	78890.0
0036780	75740.0
0036980	65420.0
0037100	101730.0
0037340	92360.0
0037460	66540.0
0037620	71030.0
0037860	70640.0
0037900	96860.0
0037964	100770.0
0037980	101160.0
0038060	89000.0
0038220	64840.0
0038300	86210.0
0038540	74090.0
0038660	42620.0
0038900	100700.0
0038940	70350.0
0039140	72570.0
0039340	83080.0
0039380	76890.0
0039460	63850.0
0039540	72950.0
0039580	99190.0
0039660	69130.0
0039740	77920.0
0039820	90680.0
0039900	80810.0
0040060	91620.0
0040140	88980.0
0040220	75910.0
0040340	92510.0
0040380	88370.0
0040420	79460.0
0040580	66420.0
0040660	73890.0
0040900	104410.0
0040980	73520.0
0041060	75220.0
0041100	62960.0
0041140	69250.0
0041180	89290.0
0041420	83060.0
0041500	90150.0
0041540	74240.0
0041620	90790.0
0041660	66690.0
0041700	82780.0
0041740	106510.0
0041860	137920.0
0041884	153050.0
0041900	35870.0
0041940	161230.0
0041980	50580.0
0042020	94960.0
0042034	122240.0
0042100	99670.0
0042140	78080.0
0042200	102900.0
0042220	98920.0
0042340	79750.0
0042540	73390.0
0042644	122450.0
0042660	117820.0
0042680	69370.0
0042700	60970.0
0043100	76960.0
0043300	71610.0
0043340	66950.0
0043420	90040.0
0043524	129170.0
0043580	68890.0
0043620	74020.0
0043780	75020.0
0043900	73220.0
0044060	80460.0
0044100	92410.0
0044180	68860.0
0044220	68320.0
0044300	83900.0
0044420	70240.0
0044700	84460.0
0044940	64170.0
0045060	88410.0
0045104	85380.0
0045220	79670.0
0045300	81790.0
0045460	70740.0
0045500	65830.0
0045540	65290.0
0045780	76310.0
0045820	74840.0
0045940	113700.0
0046060	81780.0
0046140	80320.0
0046220	69360.0
0046340	74760.0
0046520	93880.0
0046540	78250.0
0046660	63310.0
0046700	103680.0
0047020	71770.0
0047220	84280.0
0047260	84620.0
0047300	74230.0
0047380	73650.0
0047460	85580.0
0047580	80490.0
0047664	97620.0
0047894	138060.0
0047900	136060.0
0047940	72910.0
0048060	78120.0
0048140	72290.0
0048260	67700.0
0048300	78460.0
0048424	84790.0
0048540	69070.0
0048620	77340.0
0048660	71470.0
0048700	74290.0
0048864	103230.0
0048900	75270.0
0049020	76260.0
0049180	78680.0
0049420	72210.0
0049620	78580.0
0049660	70540.0
0049700	91600.0
0049740	74970.0
0070750	72810.0
0070900	89000.0
0071650	123490.0
0071654	129830.0
0071950	124780.0
0072104	90780.0
0072400	92350.0
0072850	100590.0
0073050	90720.0
0073104	124450.0
0073450	105520.0
0073604	86440.0
0074204	96370.0
0074500	88420.0
0074650	71370.0
0074804	119670.0
0074854	82650.0
0074950	95210.0
0075404	103470.0
0075550	85890.0
0075700	99940.0
0076450	96290.0
0076524	101870.0
0076600	88110.0
0076750	84410.0
0076900	99270.0
0077200	94650.0
0078100	92970.0
0078254	94590.0
0078700	89170.0
0079600	94630.0
0100000	77780.0
0100001	59000.0
0100002	60930.0
0100003	64620.0
0100004	73500.0
0200000	100340.0
0200001	93000.0
0200002	96500.0
0400000	85680.0
0400001	74270.0
0500000	69860.0
0500001	58400.0
0500002	57090.0
0500003	60390.0
0500004	61380.0
0600000	112670.0
0600001	85870.0
0600002	80850.0
0600003	80490.0
0600004	76170.0
0600005	83700.0
0800000	99900.0
0800001	64680.0
0800002	71120.0
0800003	79480.0
0900000	105190.0
0900001	88030.0
1000000	96660.0
1100000	157240.0
1200000	79590.0
1200001	60120.0
1200002	61950.0
1200003	64540.0
1300000	87900.0
1300001	63140.0
1300002	63020.0
1300003	62730.0
1300004	63660.0
1500000	89550.0
1500001	77550.0
1600000	75740.0
1600001	74500.0
1600002	65200.0
1600003	69790.0
1600004	69190.0
1700000	98170.0
1700001	74610.0
1700002	72450.0
1700003	68270.0
1700004	73270.0
1800000	76380.0
1800001	62340.0
1800002	63250.0
1800003	68440.0
1900000	76490.0
1900001	64250.0
1900002	65480.0
1900003	63250.0
1900004	67670.0
2000000	78980.0
2000001	62720.0
2000002	65030.0
2000003	65320.0
2000004	64660.0
2100000	73730.0
2100001	68490.0
2100002	59370.0
2100003	67450.0
2100004	62990.0
2200000	74230.0
2200001	57740.0
2200002	64650.0
2200003	62330.0
2200004	68650.0
2300000	76870.0
2300001	64360.0
2300002	72670.0
2400000	109260.0
2400001	78640.0
2400002	70540.0
2500000	116060.0
2500001	90180.0
2500002	78690.0
2500003	81260.0
2500004	71760.0
2600000	87560.0
2600001	70180.0
2600002	64680.0
2600003	68400.0
2600004	69830.0
2700000	94520.0
2700001	69240.0
2700002	70940.0
2700003	67940.0
2700004	73520.0
2800000	66740.0
2800001	62810.0
2800002	60690.0
2800003	62030.0
2800004	64910.0
2900000	81250.0
2900001	63170.0
2900002	60920.0
2900003	59860.0
2900004	57670.0
3000000	72840.0
3000001	73980.0
3000002	70030.0
3000003	74290.0
3000004	68520.0
3100000	77930.0
3100001	64180.0
3100002	65000.0
3100003	64380.0
3100004	63860.0
3200000	79930.0
3200001	78390.0
3200002	80210.0
3300000	91950.0
3300001	65190.0
3300002	80340.0
3300003	93030.0
3300004	79590.0
3400000	106690.0
3500000	83230.0
3500001	64890.0
3500002	73750.0
3500003	73770.0
3500004	160310.0
3600000	114750.0
3600001	74470.0
3600002	76690.0
3600003	77060.0
3600004	75540.0
3700000	83280.0
3700001	61480.0
3700002	59740.0
3700003	62740.0
3700004	61060.0
3800000	79720.0
3800001	86030.0
3800002	82100.0
3800003	70660.0
3800004	70280.0
3900000	81720.0
3900001	66350.0
3900002	66490.0
3900003	67570.0
3900004	71230.0
4000000	77000.0
4000001	67020.0
4000002	71790.0
4000003	69730.0
4000004	62570.0
4100000	92680.0
4100001	69020.0
4100002	68380.0
4100003	74600.0
4100004	69340.0
4200000	87710.0
4200001	70700.0
4200002	66580.0
4200003	67160.0
4400000	96300.0
4400001	75590.0
4500000	74990.0
4500001	64680.0
4500002	65960.0
4500003	59850.0
4500004	64550.0
4600000	67530.0
4600002	62370.0
4600003	61230.0
4700000	75740.0
4700001	59740.0
4700002	64150.0
4700003	60900.0
4700004	59270.0
4800000	90710.0
4800001	71740.0
4800002	65940.0
4800003	65140.0
4800004	66240.0
4800005	72790.0
4800006	73800.0
4900000	82910.0
4900001	70910.0
4900002	65900.0
4900003	62010.0
4900004	74630.0
5000000	80800.0
5000001	75020.0
5000002	75740.0
5100000	105980.0
5100001	62820.0
5100002	65170.0
5100003	99990.0
5100004	69570.0
5300000	104490.0
5300001	76650.0
5300002	74170.0
5300003	75250.0
5300004	79240.0
5400000	71410.0
5400001	61000.0
5400002	67970.0
5500000	79560.0
5500001	62230.0
5500002	67360.0
5500003	67110.0
5500004	64540.0
5600000	79790.0
5600001	72020.0
5600002	84430.0
5600003	80210.0
5600004	78490.0
6600000	61900.0
7200000	49400.0
7200001	38940.0
7200002	44080.0
7800000	65110.0
